row_id,source_id,is_synthetic,parent_original_index,generation_method,synthetic_strength,noise_profile
cons500_s0p4_adaptive_low_p0p5_m0p0_b0p25_r1610_r_000000,original_0,False,0,original_dev,0.0,original_dev
cons500_s0p4_adaptive_low_p0p5_m0p0_b0p25_r1610_r_000001,original_1,False,1,original_dev,0.0,original_dev
cons500_s0p4_adaptive_low_p0p5_m0p0_b0p25_r1610_r_000002,original_2,False,2,original_dev,0.0,original_dev
cons500_s0p4_adaptive_low_p0p5_m0p0_b0p25_r1610_r_000003,original_4,False,4,original_dev,0.0,original_dev
cons500_s0p4_adaptive_low_p0p5_m0p0_b0p25_r1610_r_000004,original_5,False,5,original_dev,0.0,original_dev
cons500_s0p4_adaptive_low_p0p5_m0p0_b0p25_r1610_r_000005,original_7,False,7,original_dev,0.0,original_dev
cons500_s0p4_adaptive_low_p0p5_m0p0_b0p25_r1610_r_000006,original_8,False,8,original_dev,0.0,original_dev
cons500_s0p4_adaptive_low_p0p5_m0p0_b0p25_r1610_r_000007,original_9,False,9,original_dev,0.0,original_dev
cons500_s0p4_adaptive_low_p0p5_m0p0_b0p25_r1610_r_000008,original_10,False,10,original_dev,0.0,original_dev
cons500_s0p4_adaptive_low_p0p5_m0p0_b0p25_r1610_r_000009,original_11,False,11,original_dev,0.0,original_dev
cons500_s0p4_adaptive_low_p0p5_m0p0_b0p25_r1610_r_000010,original_12,False,12,original_dev,0.0,original_dev
cons500_s0p4_adaptive_low_p0p5_m0p0_b0p25_r1610_r_000011,original_14,False,14,original_dev,0.0,original_dev
cons500_s0p4_adaptive_low_p0p5_m0p0_b0p25_r1610_r_000012,original_15,False,15,original_dev,0.0,original_dev
cons500_s0p4_adaptive_low_p0p5_m0p0_b0p25_r1610_r_000013,original_16,False,16,original_dev,0.0,original_dev
cons500_s0p4_adaptive_low_p0p5_m0p0_b0p25_r1610_r_000014,original_18,False,18,original_dev,0.0,original_dev
cons500_s0p4_adaptive_low_p0p5_m0p0_b0p25_r1610_r_000015,original_19,False,19,original_dev,0.0,original_dev
cons500_s0p4_adaptive_low_p0p5_m0p0_b0p25_r1610_r_000016,original_20,False,20,original_dev,0.0,original_dev
cons500_s0p4_adaptive_low_p0p5_m0p0_b0p25_r1610_r_000017,original_21,False,21,original_dev,0.0,original_dev
cons500_s0p4_adaptive_low_p0p5_m0p0_b0p25_r1610_r_000018,original_22,False,22,original_dev,0.0,original_dev
cons500_s0p4_adaptive_low_p0p5_m0p0_b0p25_r1610_r_000019,original_23,False,23,original_dev,0.0,original_dev
cons500_s0p4_adaptive_low_p0p5_m0p0_b0p25_r1610_r_000020,original_25,False,25,original_dev,0.0,original_dev
cons500_s0p4_adaptive_low_p0p5_m0p0_b0p25_r1610_r_000021,original_26,False,26,original_dev,0.0,original_dev
cons500_s0p4_adaptive_low_p0p5_m0p0_b0p25_r1610_r_000022,original_27,False,27,original_dev,0.0,original_dev
cons500_s0p4_adaptive_low_p0p5_m0p0_b0p25_r1610_r_000023,original_28,False,28,original_dev,0.0,original_dev
cons500_s0p4_adaptive_low_p0p5_m0p0_b0p25_r1610_r_000024,original_29,False,29,original_dev,0.0,original_dev
cons500_s0p4_adaptive_low_p0p5_m0p0_b0p25_r1610_r_000025,original_30,False,30,original_dev,0.0,original_dev
cons500_s0p4_adaptive_low_p0p5_m0p0_b0p25_r1610_r_000026,original_31,False,31,original_dev,0.0,original_dev
cons500_s0p4_adaptive_low_p0p5_m0p0_b0p25_r1610_r_000027,original_33,False,33,original_dev,0.0,original_dev
cons500_s0p4_adaptive_low_p0p5_m0p0_b0p25_r1610_r_000028,original_34,False,34,original_dev,0.0,original_dev
cons500_s0p4_adaptive_low_p0p5_m0p0_b0p25_r1610_r_000029,original_35,False,35,original_dev,0.0,original_dev
cons500_s0p4_adaptive_low_p0p5_m0p0_b0p25_r1610_r_000030,original_36,False,36,original_dev,0.0,original_dev
cons500_s0p4_adaptive_low_p0p5_m0p0_b0p25_r1610_r_000031,original_37,False,37,original_dev,0.0,original_dev
cons500_s0p4_adaptive_low_p0p5_m0p0_b0p25_r1610_r_000032,original_39,False,39,original_dev,0.0,original_dev
cons500_s0p4_adaptive_low_p0p5_m0p0_b0p25_r1610_r_000033,original_40,False,40,original_dev,0.0,original_dev
cons500_s0p4_adaptive_low_p0p5_m0p0_b0p25_r1610_r_000034,original_41,False,41,original_dev,0.0,original_dev
cons500_s0p4_adaptive_low_p0p5_m0p0_b0p25_r1610_r_000035,original_43,False,43,original_dev,0.0,original_dev
cons500_s0p4_adaptive_low_p0p5_m0p0_b0p25_r1610_r_000036,original_45,False,45,original_dev,0.0,original_dev
cons500_s0p4_adaptive_low_p0p5_m0p0_b0p25_r1610_r_000037,original_46,False,46,original_dev,0.0,original_dev
cons500_s0p4_adaptive_low_p0p5_m0p0_b0p25_r1610_r_000038,original_47,False,47,original_dev,0.0,original_dev
cons500_s0p4_adaptive_low_p0p5_m0p0_b0p25_r1610_r_000039,original_48,False,48,original_dev,0.0,original_dev
cons500_s0p4_adaptive_low_p0p5_m0p0_b0p25_r1610_r_000040,original_49,False,49,original_dev,0.0,original_dev
cons500_s0p4_adaptive_low_p0p5_m0p0_b0p25_r1610_r_000041,original_50,False,50,original_dev,0.0,original_dev
cons500_s0p4_adaptive_low_p0p5_m0p0_b0p25_r1610_r_000042,original_51,False,51,original_dev,0.0,original_dev
cons500_s0p4_adaptive_low_p0p5_m0p0_b0p25_r1610_r_000043,original_52,False,52,original_dev,0.0,original_dev
cons500_s0p4_adaptive_low_p0p5_m0p0_b0p25_r1610_r_000044,original_53,False,53,original_dev,0.0,original_dev
cons500_s0p4_adaptive_low_p0p5_m0p0_b0p25_r1610_r_000045,original_54,False,54,original_dev,0.0,original_dev
cons500_s0p4_adaptive_low_p0p5_m0p0_b0p25_r1610_r_000046,original_55,False,55,original_dev,0.0,original_dev
cons500_s0p4_adaptive_low_p0p5_m0p0_b0p25_r1610_r_000047,original_56,False,56,original_dev,0.0,original_dev
cons500_s0p4_adaptive_low_p0p5_m0p0_b0p25_r1610_r_000048,original_57,False,57,original_dev,0.0,original_dev
cons500_s0p4_adaptive_low_p0p5_m0p0_b0p25_r1610_r_000049,original_58,False,58,original_dev,0.0,original_dev
cons500_s0p4_adaptive_low_p0p5_m0p0_b0p25_r1610_r_000050,original_59,False,59,original_dev,0.0,original_dev
cons500_s0p4_adaptive_low_p0p5_m0p0_b0p25_r1610_r_000051,original_60,False,60,original_dev,0.0,original_dev
cons500_s0p4_adaptive_low_p0p5_m0p0_b0p25_r1610_r_000052,original_61,False,61,original_dev,0.0,original_dev
cons500_s0p4_adaptive_low_p0p5_m0p0_b0p25_r1610_r_000053,original_63,False,63,original_dev,0.0,original_dev
cons500_s0p4_adaptive_low_p0p5_m0p0_b0p25_r1610_r_000054,original_65,False,65,original_dev,0.0,original_dev
cons500_s0p4_adaptive_low_p0p5_m0p0_b0p25_r1610_r_000055,original_66,False,66,original_dev,0.0,original_dev
cons500_s0p4_adaptive_low_p0p5_m0p0_b0p25_r1610_r_000056,original_67,False,67,original_dev,0.0,original_dev
cons500_s0p4_adaptive_low_p0p5_m0p0_b0p25_r1610_r_000057,original_68,False,68,original_dev,0.0,original_dev
cons500_s0p4_adaptive_low_p0p5_m0p0_b0p25_r1610_r_000058,original_69,False,69,original_dev,0.0,original_dev
cons500_s0p4_adaptive_low_p0p5_m0p0_b0p25_r1610_r_000059,original_70,False,70,original_dev,0.0,original_dev
cons500_s0p4_adaptive_low_p0p5_m0p0_b0p25_r1610_r_000060,original_71,False,71,original_dev,0.0,original_dev
cons500_s0p4_adaptive_low_p0p5_m0p0_b0p25_r1610_r_000061,original_72,False,72,original_dev,0.0,original_dev
cons500_s0p4_adaptive_low_p0p5_m0p0_b0p25_r1610_r_000062,original_73,False,73,original_dev,0.0,original_dev
cons500_s0p4_adaptive_low_p0p5_m0p0_b0p25_r1610_r_000063,original_74,False,74,original_dev,0.0,original_dev
cons500_s0p4_adaptive_low_p0p5_m0p0_b0p25_r1610_r_000064,original_76,False,76,original_dev,0.0,original_dev
cons500_s0p4_adaptive_low_p0p5_m0p0_b0p25_r1610_r_000065,original_77,False,77,original_dev,0.0,original_dev
cons500_s0p4_adaptive_low_p0p5_m0p0_b0p25_r1610_r_000066,original_79,False,79,original_dev,0.0,original_dev
cons500_s0p4_adaptive_low_p0p5_m0p0_b0p25_r1610_r_000067,original_80,False,80,original_dev,0.0,original_dev
cons500_s0p4_adaptive_low_p0p5_m0p0_b0p25_r1610_r_000068,original_84,False,84,original_dev,0.0,original_dev
cons500_s0p4_adaptive_low_p0p5_m0p0_b0p25_r1610_r_000069,original_85,False,85,original_dev,0.0,original_dev
cons500_s0p4_adaptive_low_p0p5_m0p0_b0p25_r1610_r_000070,original_90,False,90,original_dev,0.0,original_dev
cons500_s0p4_adaptive_low_p0p5_m0p0_b0p25_r1610_r_000071,original_91,False,91,original_dev,0.0,original_dev
cons500_s0p4_adaptive_low_p0p5_m0p0_b0p25_r1610_r_000072,original_92,False,92,original_dev,0.0,original_dev
cons500_s0p4_adaptive_low_p0p5_m0p0_b0p25_r1610_r_000073,original_93,False,93,original_dev,0.0,original_dev
cons500_s0p4_adaptive_low_p0p5_m0p0_b0p25_r1610_r_000074,original_95,False,95,original_dev,0.0,original_dev
cons500_s0p4_adaptive_low_p0p5_m0p0_b0p25_r1610_r_000075,original_96,False,96,original_dev,0.0,original_dev
cons500_s0p4_adaptive_low_p0p5_m0p0_b0p25_r1610_r_000076,original_97,False,97,original_dev,0.0,original_dev
cons500_s0p4_adaptive_low_p0p5_m0p0_b0p25_r1610_r_000077,original_98,False,98,original_dev,0.0,original_dev
cons500_s0p4_adaptive_low_p0p5_m0p0_b0p25_r1610_r_000078,original_99,False,99,original_dev,0.0,original_dev
cons500_s0p4_adaptive_low_p0p5_m0p0_b0p25_r1610_r_000079,original_100,False,100,original_dev,0.0,original_dev
cons500_s0p4_adaptive_low_p0p5_m0p0_b0p25_r1610_r_000080,original_101,False,101,original_dev,0.0,original_dev
cons500_s0p4_adaptive_low_p0p5_m0p0_b0p25_r1610_r_000081,original_102,False,102,original_dev,0.0,original_dev
cons500_s0p4_adaptive_low_p0p5_m0p0_b0p25_r1610_r_000082,original_103,False,103,original_dev,0.0,original_dev
cons500_s0p4_adaptive_low_p0p5_m0p0_b0p25_r1610_r_000083,original_104,False,104,original_dev,0.0,original_dev
cons500_s0p4_adaptive_low_p0p5_m0p0_b0p25_r1610_r_000084,original_105,False,105,original_dev,0.0,original_dev
cons500_s0p4_adaptive_low_p0p5_m0p0_b0p25_r1610_r_000085,original_106,False,106,original_dev,0.0,original_dev
cons500_s0p4_adaptive_low_p0p5_m0p0_b0p25_r1610_r_000086,original_107,False,107,original_dev,0.0,original_dev
cons500_s0p4_adaptive_low_p0p5_m0p0_b0p25_r1610_r_000087,original_108,False,108,original_dev,0.0,original_dev
cons500_s0p4_adaptive_low_p0p5_m0p0_b0p25_r1610_r_000088,original_109,False,109,original_dev,0.0,original_dev
cons500_s0p4_adaptive_low_p0p5_m0p0_b0p25_r1610_r_000089,original_110,False,110,original_dev,0.0,original_dev
cons500_s0p4_adaptive_low_p0p5_m0p0_b0p25_r1610_r_000090,original_111,False,111,original_dev,0.0,original_dev
cons500_s0p4_adaptive_low_p0p5_m0p0_b0p25_r1610_r_000091,original_113,False,113,original_dev,0.0,original_dev
cons500_s0p4_adaptive_low_p0p5_m0p0_b0p25_r1610_r_000092,original_114,False,114,original_dev,0.0,original_dev
cons500_s0p4_adaptive_low_p0p5_m0p0_b0p25_r1610_r_000093,original_117,False,117,original_dev,0.0,original_dev
cons500_s0p4_adaptive_low_p0p5_m0p0_b0p25_r1610_r_000094,original_118,False,118,original_dev,0.0,original_dev
cons500_s0p4_adaptive_low_p0p5_m0p0_b0p25_r1610_r_000095,original_119,False,119,original_dev,0.0,original_dev
cons500_s0p4_adaptive_low_p0p5_m0p0_b0p25_r1610_r_000096,original_120,False,120,original_dev,0.0,original_dev
cons500_s0p4_adaptive_low_p0p5_m0p0_b0p25_r1610_r_000097,original_121,False,121,original_dev,0.0,original_dev
cons500_s0p4_adaptive_low_p0p5_m0p0_b0p25_r1610_r_000098,original_122,False,122,original_dev,0.0,original_dev
cons500_s0p4_adaptive_low_p0p5_m0p0_b0p25_r1610_r_000099,original_123,False,123,original_dev,0.0,original_dev
cons500_s0p4_adaptive_low_p0p5_m0p0_b0p25_r1610_r_000100,original_125,False,125,original_dev,0.0,original_dev
cons500_s0p4_adaptive_low_p0p5_m0p0_b0p25_r1610_r_000101,original_126,False,126,original_dev,0.0,original_dev
cons500_s0p4_adaptive_low_p0p5_m0p0_b0p25_r1610_r_000102,original_128,False,128,original_dev,0.0,original_dev
cons500_s0p4_adaptive_low_p0p5_m0p0_b0p25_r1610_r_000103,original_129,False,129,original_dev,0.0,original_dev
cons500_s0p4_adaptive_low_p0p5_m0p0_b0p25_r1610_r_000104,original_130,False,130,original_dev,0.0,original_dev
cons500_s0p4_adaptive_low_p0p5_m0p0_b0p25_r1610_r_000105,original_131,False,131,original_dev,0.0,original_dev
cons500_s0p4_adaptive_low_p0p5_m0p0_b0p25_r1610_r_000106,original_132,False,132,original_dev,0.0,original_dev
cons500_s0p4_adaptive_low_p0p5_m0p0_b0p25_r1610_r_000107,original_133,False,133,original_dev,0.0,original_dev
cons500_s0p4_adaptive_low_p0p5_m0p0_b0p25_r1610_r_000108,original_134,False,134,original_dev,0.0,original_dev
cons500_s0p4_adaptive_low_p0p5_m0p0_b0p25_r1610_r_000109,original_135,False,135,original_dev,0.0,original_dev
cons500_s0p4_adaptive_low_p0p5_m0p0_b0p25_r1610_r_000110,original_136,False,136,original_dev,0.0,original_dev
cons500_s0p4_adaptive_low_p0p5_m0p0_b0p25_r1610_r_000111,original_137,False,137,original_dev,0.0,original_dev
cons500_s0p4_adaptive_low_p0p5_m0p0_b0p25_r1610_r_000112,original_138,False,138,original_dev,0.0,original_dev
cons500_s0p4_adaptive_low_p0p5_m0p0_b0p25_r1610_r_000113,original_141,False,141,original_dev,0.0,original_dev
cons500_s0p4_adaptive_low_p0p5_m0p0_b0p25_r1610_r_000114,original_142,False,142,original_dev,0.0,original_dev
cons500_s0p4_adaptive_low_p0p5_m0p0_b0p25_r1610_r_000115,original_143,False,143,original_dev,0.0,original_dev
cons500_s0p4_adaptive_low_p0p5_m0p0_b0p25_r1610_r_000116,original_145,False,145,original_dev,0.0,original_dev
cons500_s0p4_adaptive_low_p0p5_m0p0_b0p25_r1610_r_000117,original_146,False,146,original_dev,0.0,original_dev
cons500_s0p4_adaptive_low_p0p5_m0p0_b0p25_r1610_r_000118,original_147,False,147,original_dev,0.0,original_dev
cons500_s0p4_adaptive_low_p0p5_m0p0_b0p25_r1610_r_000119,original_148,False,148,original_dev,0.0,original_dev
cons500_s0p4_adaptive_low_p0p5_m0p0_b0p25_r1610_r_000120,original_149,False,149,original_dev,0.0,original_dev
cons500_s0p4_adaptive_low_p0p5_m0p0_b0p25_r1610_r_000121,original_150,False,150,original_dev,0.0,original_dev
cons500_s0p4_adaptive_low_p0p5_m0p0_b0p25_r1610_r_000122,original_151,False,151,original_dev,0.0,original_dev
cons500_s0p4_adaptive_low_p0p5_m0p0_b0p25_r1610_r_000123,original_152,False,152,original_dev,0.0,original_dev
cons500_s0p4_adaptive_low_p0p5_m0p0_b0p25_r1610_r_000124,original_154,False,154,original_dev,0.0,original_dev
cons500_s0p4_adaptive_low_p0p5_m0p0_b0p25_r1610_r_000125,original_155,False,155,original_dev,0.0,original_dev
cons500_s0p4_adaptive_low_p0p5_m0p0_b0p25_r1610_r_000126,original_156,False,156,original_dev,0.0,original_dev
cons500_s0p4_adaptive_low_p0p5_m0p0_b0p25_r1610_r_000127,original_157,False,157,original_dev,0.0,original_dev
cons500_s0p4_adaptive_low_p0p5_m0p0_b0p25_r1610_r_000128,original_159,False,159,original_dev,0.0,original_dev
cons500_s0p4_adaptive_low_p0p5_m0p0_b0p25_r1610_r_000129,original_160,False,160,original_dev,0.0,original_dev
cons500_s0p4_adaptive_low_p0p5_m0p0_b0p25_r1610_r_000130,original_161,False,161,original_dev,0.0,original_dev
cons500_s0p4_adaptive_low_p0p5_m0p0_b0p25_r1610_r_000131,original_165,False,165,original_dev,0.0,original_dev
cons500_s0p4_adaptive_low_p0p5_m0p0_b0p25_r1610_r_000132,original_166,False,166,original_dev,0.0,original_dev
cons500_s0p4_adaptive_low_p0p5_m0p0_b0p25_r1610_r_000133,original_167,False,167,original_dev,0.0,original_dev
cons500_s0p4_adaptive_low_p0p5_m0p0_b0p25_r1610_r_000134,original_168,False,168,original_dev,0.0,original_dev
cons500_s0p4_adaptive_low_p0p5_m0p0_b0p25_r1610_r_000135,original_169,False,169,original_dev,0.0,original_dev
cons500_s0p4_adaptive_low_p0p5_m0p0_b0p25_r1610_r_000136,original_170,False,170,original_dev,0.0,original_dev
cons500_s0p4_adaptive_low_p0p5_m0p0_b0p25_r1610_r_000137,original_171,False,171,original_dev,0.0,original_dev
cons500_s0p4_adaptive_low_p0p5_m0p0_b0p25_r1610_r_000138,original_172,False,172,original_dev,0.0,original_dev
cons500_s0p4_adaptive_low_p0p5_m0p0_b0p25_r1610_r_000139,original_173,False,173,original_dev,0.0,original_dev
cons500_s0p4_adaptive_low_p0p5_m0p0_b0p25_r1610_r_000140,original_174,False,174,original_dev,0.0,original_dev
cons500_s0p4_adaptive_low_p0p5_m0p0_b0p25_r1610_r_000141,original_175,False,175,original_dev,0.0,original_dev
cons500_s0p4_adaptive_low_p0p5_m0p0_b0p25_r1610_r_000142,original_176,False,176,original_dev,0.0,original_dev
cons500_s0p4_adaptive_low_p0p5_m0p0_b0p25_r1610_r_000143,original_177,False,177,original_dev,0.0,original_dev
cons500_s0p4_adaptive_low_p0p5_m0p0_b0p25_r1610_r_000144,original_178,False,178,original_dev,0.0,original_dev
cons500_s0p4_adaptive_low_p0p5_m0p0_b0p25_r1610_r_000145,original_179,False,179,original_dev,0.0,original_dev
cons500_s0p4_adaptive_low_p0p5_m0p0_b0p25_r1610_r_000146,original_180,False,180,original_dev,0.0,original_dev
cons500_s0p4_adaptive_low_p0p5_m0p0_b0p25_r1610_r_000147,original_181,False,181,original_dev,0.0,original_dev
cons500_s0p4_adaptive_low_p0p5_m0p0_b0p25_r1610_r_000148,original_182,False,182,original_dev,0.0,original_dev
cons500_s0p4_adaptive_low_p0p5_m0p0_b0p25_r1610_r_000149,original_183,False,183,original_dev,0.0,original_dev
cons500_s0p4_adaptive_low_p0p5_m0p0_b0p25_r1610_r_000150,original_184,False,184,original_dev,0.0,original_dev
cons500_s0p4_adaptive_low_p0p5_m0p0_b0p25_r1610_r_000151,original_186,False,186,original_dev,0.0,original_dev
cons500_s0p4_adaptive_low_p0p5_m0p0_b0p25_r1610_r_000152,original_188,False,188,original_dev,0.0,original_dev
cons500_s0p4_adaptive_low_p0p5_m0p0_b0p25_r1610_r_000153,original_189,False,189,original_dev,0.0,original_dev
cons500_s0p4_adaptive_low_p0p5_m0p0_b0p25_r1610_r_000154,original_191,False,191,original_dev,0.0,original_dev
cons500_s0p4_adaptive_low_p0p5_m0p0_b0p25_r1610_r_000155,original_192,False,192,original_dev,0.0,original_dev
cons500_s0p4_adaptive_low_p0p5_m0p0_b0p25_r1610_r_000156,original_193,False,193,original_dev,0.0,original_dev
cons500_s0p4_adaptive_low_p0p5_m0p0_b0p25_r1610_r_000157,original_194,False,194,original_dev,0.0,original_dev
cons500_s0p4_adaptive_low_p0p5_m0p0_b0p25_r1610_r_000158,original_195,False,195,original_dev,0.0,original_dev
cons500_s0p4_adaptive_low_p0p5_m0p0_b0p25_r1610_r_000159,original_196,False,196,original_dev,0.0,original_dev
cons500_s0p4_adaptive_low_p0p5_m0p0_b0p25_r1610_r_000160,original_197,False,197,original_dev,0.0,original_dev
cons500_s0p4_adaptive_low_p0p5_m0p0_b0p25_r1610_r_000161,original_200,False,200,original_dev,0.0,original_dev
cons500_s0p4_adaptive_low_p0p5_m0p0_b0p25_r1610_r_000162,original_201,False,201,original_dev,0.0,original_dev
cons500_s0p4_adaptive_low_p0p5_m0p0_b0p25_r1610_r_000163,original_202,False,202,original_dev,0.0,original_dev
cons500_s0p4_adaptive_low_p0p5_m0p0_b0p25_r1610_r_000164,original_203,False,203,original_dev,0.0,original_dev
cons500_s0p4_adaptive_low_p0p5_m0p0_b0p25_r1610_r_000165,original_204,False,204,original_dev,0.0,original_dev
cons500_s0p4_adaptive_low_p0p5_m0p0_b0p25_r1610_r_000166,original_206,False,206,original_dev,0.0,original_dev
cons500_s0p4_adaptive_low_p0p5_m0p0_b0p25_r1610_r_000167,original_207,False,207,original_dev,0.0,original_dev
cons500_s0p4_adaptive_low_p0p5_m0p0_b0p25_r1610_r_000168,original_208,False,208,original_dev,0.0,original_dev
cons500_s0p4_adaptive_low_p0p5_m0p0_b0p25_r1610_r_000169,original_209,False,209,original_dev,0.0,original_dev
cons500_s0p4_adaptive_low_p0p5_m0p0_b0p25_r1610_r_000170,original_210,False,210,original_dev,0.0,original_dev
cons500_s0p4_adaptive_low_p0p5_m0p0_b0p25_r1610_r_000171,original_211,False,211,original_dev,0.0,original_dev
cons500_s0p4_adaptive_low_p0p5_m0p0_b0p25_r1610_r_000172,original_213,False,213,original_dev,0.0,original_dev
cons500_s0p4_adaptive_low_p0p5_m0p0_b0p25_r1610_r_000173,original_214,False,214,original_dev,0.0,original_dev
cons500_s0p4_adaptive_low_p0p5_m0p0_b0p25_r1610_r_000174,original_216,False,216,original_dev,0.0,original_dev
cons500_s0p4_adaptive_low_p0p5_m0p0_b0p25_r1610_r_000175,original_217,False,217,original_dev,0.0,original_dev
cons500_s0p4_adaptive_low_p0p5_m0p0_b0p25_r1610_r_000176,original_218,False,218,original_dev,0.0,original_dev
cons500_s0p4_adaptive_low_p0p5_m0p0_b0p25_r1610_r_000177,original_219,False,219,original_dev,0.0,original_dev
cons500_s0p4_adaptive_low_p0p5_m0p0_b0p25_r1610_r_000178,original_220,False,220,original_dev,0.0,original_dev
cons500_s0p4_adaptive_low_p0p5_m0p0_b0p25_r1610_r_000179,original_221,False,221,original_dev,0.0,original_dev
cons500_s0p4_adaptive_low_p0p5_m0p0_b0p25_r1610_r_000180,original_222,False,222,original_dev,0.0,original_dev
cons500_s0p4_adaptive_low_p0p5_m0p0_b0p25_r1610_r_000181,original_223,False,223,original_dev,0.0,original_dev
cons500_s0p4_adaptive_low_p0p5_m0p0_b0p25_r1610_r_000182,original_224,False,224,original_dev,0.0,original_dev
cons500_s0p4_adaptive_low_p0p5_m0p0_b0p25_r1610_r_000183,original_225,False,225,original_dev,0.0,original_dev
cons500_s0p4_adaptive_low_p0p5_m0p0_b0p25_r1610_r_000184,original_226,False,226,original_dev,0.0,original_dev
cons500_s0p4_adaptive_low_p0p5_m0p0_b0p25_r1610_r_000185,original_227,False,227,original_dev,0.0,original_dev
cons500_s0p4_adaptive_low_p0p5_m0p0_b0p25_r1610_r_000186,original_228,False,228,original_dev,0.0,original_dev
cons500_s0p4_adaptive_low_p0p5_m0p0_b0p25_r1610_r_000187,original_229,False,229,original_dev,0.0,original_dev
cons500_s0p4_adaptive_low_p0p5_m0p0_b0p25_r1610_r_000188,original_230,False,230,original_dev,0.0,original_dev
cons500_s0p4_adaptive_low_p0p5_m0p0_b0p25_r1610_r_000189,original_231,False,231,original_dev,0.0,original_dev
cons500_s0p4_adaptive_low_p0p5_m0p0_b0p25_r1610_r_000190,original_232,False,232,original_dev,0.0,original_dev
cons500_s0p4_adaptive_low_p0p5_m0p0_b0p25_r1610_r_000191,original_233,False,233,original_dev,0.0,original_dev
cons500_s0p4_adaptive_low_p0p5_m0p0_b0p25_r1610_r_000192,original_234,False,234,original_dev,0.0,original_dev
cons500_s0p4_adaptive_low_p0p5_m0p0_b0p25_r1610_r_000193,original_236,False,236,original_dev,0.0,original_dev
cons500_s0p4_adaptive_low_p0p5_m0p0_b0p25_r1610_r_000194,original_237,False,237,original_dev,0.0,original_dev
cons500_s0p4_adaptive_low_p0p5_m0p0_b0p25_r1610_r_000195,original_239,False,239,original_dev,0.0,original_dev
cons500_s0p4_adaptive_low_p0p5_m0p0_b0p25_r1610_r_000196,original_240,False,240,original_dev,0.0,original_dev
cons500_s0p4_adaptive_low_p0p5_m0p0_b0p25_r1610_r_000197,original_241,False,241,original_dev,0.0,original_dev
cons500_s0p4_adaptive_low_p0p5_m0p0_b0p25_r1610_r_000198,original_242,False,242,original_dev,0.0,original_dev
cons500_s0p4_adaptive_low_p0p5_m0p0_b0p25_r1610_r_000199,original_246,False,246,original_dev,0.0,original_dev
cons500_s0p4_adaptive_low_p0p5_m0p0_b0p25_r1610_r_000200,original_248,False,248,original_dev,0.0,original_dev
cons500_s0p4_adaptive_low_p0p5_m0p0_b0p25_r1610_r_000201,original_249,False,249,original_dev,0.0,original_dev
cons500_s0p4_adaptive_low_p0p5_m0p0_b0p25_r1610_r_000202,original_250,False,250,original_dev,0.0,original_dev
cons500_s0p4_adaptive_low_p0p5_m0p0_b0p25_r1610_r_000203,original_251,False,251,original_dev,0.0,original_dev
cons500_s0p4_adaptive_low_p0p5_m0p0_b0p25_r1610_r_000204,original_252,False,252,original_dev,0.0,original_dev
cons500_s0p4_adaptive_low_p0p5_m0p0_b0p25_r1610_r_000205,original_253,False,253,original_dev,0.0,original_dev
cons500_s0p4_adaptive_low_p0p5_m0p0_b0p25_r1610_r_000206,original_254,False,254,original_dev,0.0,original_dev
cons500_s0p4_adaptive_low_p0p5_m0p0_b0p25_r1610_r_000207,original_255,False,255,original_dev,0.0,original_dev
cons500_s0p4_adaptive_low_p0p5_m0p0_b0p25_r1610_r_000208,original_256,False,256,original_dev,0.0,original_dev
cons500_s0p4_adaptive_low_p0p5_m0p0_b0p25_r1610_r_000209,original_257,False,257,original_dev,0.0,original_dev
cons500_s0p4_adaptive_low_p0p5_m0p0_b0p25_r1610_r_000210,original_259,False,259,original_dev,0.0,original_dev
cons500_s0p4_adaptive_low_p0p5_m0p0_b0p25_r1610_r_000211,original_261,False,261,original_dev,0.0,original_dev
cons500_s0p4_adaptive_low_p0p5_m0p0_b0p25_r1610_r_000212,original_262,False,262,original_dev,0.0,original_dev
cons500_s0p4_adaptive_low_p0p5_m0p0_b0p25_r1610_r_000213,original_263,False,263,original_dev,0.0,original_dev
cons500_s0p4_adaptive_low_p0p5_m0p0_b0p25_r1610_r_000214,original_265,False,265,original_dev,0.0,original_dev
cons500_s0p4_adaptive_low_p0p5_m0p0_b0p25_r1610_r_000215,original_266,False,266,original_dev,0.0,original_dev
cons500_s0p4_adaptive_low_p0p5_m0p0_b0p25_r1610_r_000216,original_267,False,267,original_dev,0.0,original_dev
cons500_s0p4_adaptive_low_p0p5_m0p0_b0p25_r1610_r_000217,original_269,False,269,original_dev,0.0,original_dev
cons500_s0p4_adaptive_low_p0p5_m0p0_b0p25_r1610_r_000218,original_270,False,270,original_dev,0.0,original_dev
cons500_s0p4_adaptive_low_p0p5_m0p0_b0p25_r1610_r_000219,original_271,False,271,original_dev,0.0,original_dev
cons500_s0p4_adaptive_low_p0p5_m0p0_b0p25_r1610_r_000220,original_272,False,272,original_dev,0.0,original_dev
cons500_s0p4_adaptive_low_p0p5_m0p0_b0p25_r1610_r_000221,original_274,False,274,original_dev,0.0,original_dev
cons500_s0p4_adaptive_low_p0p5_m0p0_b0p25_r1610_r_000222,original_275,False,275,original_dev,0.0,original_dev
cons500_s0p4_adaptive_low_p0p5_m0p0_b0p25_r1610_r_000223,original_277,False,277,original_dev,0.0,original_dev
cons500_s0p4_adaptive_low_p0p5_m0p0_b0p25_r1610_r_000224,original_278,False,278,original_dev,0.0,original_dev
cons500_s0p4_adaptive_low_p0p5_m0p0_b0p25_r1610_r_000225,original_280,False,280,original_dev,0.0,original_dev
cons500_s0p4_adaptive_low_p0p5_m0p0_b0p25_r1610_r_000226,original_281,False,281,original_dev,0.0,original_dev
cons500_s0p4_adaptive_low_p0p5_m0p0_b0p25_r1610_r_000227,original_282,False,282,original_dev,0.0,original_dev
cons500_s0p4_adaptive_low_p0p5_m0p0_b0p25_r1610_r_000228,original_283,False,283,original_dev,0.0,original_dev
cons500_s0p4_adaptive_low_p0p5_m0p0_b0p25_r1610_r_000229,original_284,False,284,original_dev,0.0,original_dev
cons500_s0p4_adaptive_low_p0p5_m0p0_b0p25_r1610_r_000230,original_285,False,285,original_dev,0.0,original_dev
cons500_s0p4_adaptive_low_p0p5_m0p0_b0p25_r1610_r_000231,original_286,False,286,original_dev,0.0,original_dev
cons500_s0p4_adaptive_low_p0p5_m0p0_b0p25_r1610_r_000232,original_287,False,287,original_dev,0.0,original_dev
cons500_s0p4_adaptive_low_p0p5_m0p0_b0p25_r1610_r_000233,original_288,False,288,original_dev,0.0,original_dev
cons500_s0p4_adaptive_low_p0p5_m0p0_b0p25_r1610_r_000234,original_289,False,289,original_dev,0.0,original_dev
cons500_s0p4_adaptive_low_p0p5_m0p0_b0p25_r1610_r_000235,original_290,False,290,original_dev,0.0,original_dev
cons500_s0p4_adaptive_low_p0p5_m0p0_b0p25_r1610_r_000236,original_291,False,291,original_dev,0.0,original_dev
cons500_s0p4_adaptive_low_p0p5_m0p0_b0p25_r1610_r_000237,original_292,False,292,original_dev,0.0,original_dev
cons500_s0p4_adaptive_low_p0p5_m0p0_b0p25_r1610_r_000238,original_293,False,293,original_dev,0.0,original_dev
cons500_s0p4_adaptive_low_p0p5_m0p0_b0p25_r1610_r_000239,original_294,False,294,original_dev,0.0,original_dev
cons500_s0p4_adaptive_low_p0p5_m0p0_b0p25_r1610_r_000240,original_295,False,295,original_dev,0.0,original_dev
cons500_s0p4_adaptive_low_p0p5_m0p0_b0p25_r1610_r_000241,original_296,False,296,original_dev,0.0,original_dev
cons500_s0p4_adaptive_low_p0p5_m0p0_b0p25_r1610_r_000242,original_297,False,297,original_dev,0.0,original_dev
cons500_s0p4_adaptive_low_p0p5_m0p0_b0p25_r1610_r_000243,original_299,False,299,original_dev,0.0,original_dev
cons500_s0p4_adaptive_low_p0p5_m0p0_b0p25_r1610_r_000244,original_301,False,301,original_dev,0.0,original_dev
cons500_s0p4_adaptive_low_p0p5_m0p0_b0p25_r1610_r_000245,original_302,False,302,original_dev,0.0,original_dev
cons500_s0p4_adaptive_low_p0p5_m0p0_b0p25_r1610_r_000246,original_303,False,303,original_dev,0.0,original_dev
cons500_s0p4_adaptive_low_p0p5_m0p0_b0p25_r1610_r_000247,original_306,False,306,original_dev,0.0,original_dev
cons500_s0p4_adaptive_low_p0p5_m0p0_b0p25_r1610_r_000248,original_308,False,308,original_dev,0.0,original_dev
cons500_s0p4_adaptive_low_p0p5_m0p0_b0p25_r1610_r_000249,original_312,False,312,original_dev,0.0,original_dev
cons500_s0p4_adaptive_low_p0p5_m0p0_b0p25_r1610_r_000250,original_313,False,313,original_dev,0.0,original_dev
cons500_s0p4_adaptive_low_p0p5_m0p0_b0p25_r1610_r_000251,original_314,False,314,original_dev,0.0,original_dev
cons500_s0p4_adaptive_low_p0p5_m0p0_b0p25_r1610_r_000252,original_315,False,315,original_dev,0.0,original_dev
cons500_s0p4_adaptive_low_p0p5_m0p0_b0p25_r1610_r_000253,original_316,False,316,original_dev,0.0,original_dev
cons500_s0p4_adaptive_low_p0p5_m0p0_b0p25_r1610_r_000254,original_317,False,317,original_dev,0.0,original_dev
cons500_s0p4_adaptive_low_p0p5_m0p0_b0p25_r1610_r_000255,original_318,False,318,original_dev,0.0,original_dev
cons500_s0p4_adaptive_low_p0p5_m0p0_b0p25_r1610_r_000256,original_319,False,319,original_dev,0.0,original_dev
cons500_s0p4_adaptive_low_p0p5_m0p0_b0p25_r1610_r_000257,original_320,False,320,original_dev,0.0,original_dev
cons500_s0p4_adaptive_low_p0p5_m0p0_b0p25_r1610_r_000258,original_321,False,321,original_dev,0.0,original_dev
cons500_s0p4_adaptive_low_p0p5_m0p0_b0p25_r1610_r_000259,original_322,False,322,original_dev,0.0,original_dev
cons500_s0p4_adaptive_low_p0p5_m0p0_b0p25_r1610_r_000260,original_323,False,323,original_dev,0.0,original_dev
cons500_s0p4_adaptive_low_p0p5_m0p0_b0p25_r1610_r_000261,original_324,False,324,original_dev,0.0,original_dev
cons500_s0p4_adaptive_low_p0p5_m0p0_b0p25_r1610_r_000262,original_325,False,325,original_dev,0.0,original_dev
cons500_s0p4_adaptive_low_p0p5_m0p0_b0p25_r1610_r_000263,original_326,False,326,original_dev,0.0,original_dev
cons500_s0p4_adaptive_low_p0p5_m0p0_b0p25_r1610_r_000264,original_327,False,327,original_dev,0.0,original_dev
cons500_s0p4_adaptive_low_p0p5_m0p0_b0p25_r1610_r_000265,original_328,False,328,original_dev,0.0,original_dev
cons500_s0p4_adaptive_low_p0p5_m0p0_b0p25_r1610_r_000266,original_329,False,329,original_dev,0.0,original_dev
cons500_s0p4_adaptive_low_p0p5_m0p0_b0p25_r1610_r_000267,original_331,False,331,original_dev,0.0,original_dev
cons500_s0p4_adaptive_low_p0p5_m0p0_b0p25_r1610_r_000268,original_333,False,333,original_dev,0.0,original_dev
cons500_s0p4_adaptive_low_p0p5_m0p0_b0p25_r1610_r_000269,original_334,False,334,original_dev,0.0,original_dev
cons500_s0p4_adaptive_low_p0p5_m0p0_b0p25_r1610_r_000270,original_336,False,336,original_dev,0.0,original_dev
cons500_s0p4_adaptive_low_p0p5_m0p0_b0p25_r1610_r_000271,original_337,False,337,original_dev,0.0,original_dev
cons500_s0p4_adaptive_low_p0p5_m0p0_b0p25_r1610_r_000272,original_338,False,338,original_dev,0.0,original_dev
cons500_s0p4_adaptive_low_p0p5_m0p0_b0p25_r1610_r_000273,original_339,False,339,original_dev,0.0,original_dev
cons500_s0p4_adaptive_low_p0p5_m0p0_b0p25_r1610_r_000274,original_340,False,340,original_dev,0.0,original_dev
cons500_s0p4_adaptive_low_p0p5_m0p0_b0p25_r1610_r_000275,original_341,False,341,original_dev,0.0,original_dev
cons500_s0p4_adaptive_low_p0p5_m0p0_b0p25_r1610_r_000276,original_342,False,342,original_dev,0.0,original_dev
cons500_s0p4_adaptive_low_p0p5_m0p0_b0p25_r1610_r_000277,original_343,False,343,original_dev,0.0,original_dev
cons500_s0p4_adaptive_low_p0p5_m0p0_b0p25_r1610_r_000278,original_344,False,344,original_dev,0.0,original_dev
cons500_s0p4_adaptive_low_p0p5_m0p0_b0p25_r1610_r_000279,original_346,False,346,original_dev,0.0,original_dev
cons500_s0p4_adaptive_low_p0p5_m0p0_b0p25_r1610_r_000280,original_348,False,348,original_dev,0.0,original_dev
cons500_s0p4_adaptive_low_p0p5_m0p0_b0p25_r1610_r_000281,original_349,False,349,original_dev,0.0,original_dev
cons500_s0p4_adaptive_low_p0p5_m0p0_b0p25_r1610_r_000282,original_350,False,350,original_dev,0.0,original_dev
cons500_s0p4_adaptive_low_p0p5_m0p0_b0p25_r1610_r_000283,original_352,False,352,original_dev,0.0,original_dev
cons500_s0p4_adaptive_low_p0p5_m0p0_b0p25_r1610_r_000284,original_353,False,353,original_dev,0.0,original_dev
cons500_s0p4_adaptive_low_p0p5_m0p0_b0p25_r1610_r_000285,original_354,False,354,original_dev,0.0,original_dev
cons500_s0p4_adaptive_low_p0p5_m0p0_b0p25_r1610_r_000286,original_356,False,356,original_dev,0.0,original_dev
cons500_s0p4_adaptive_low_p0p5_m0p0_b0p25_r1610_r_000287,original_357,False,357,original_dev,0.0,original_dev
cons500_s0p4_adaptive_low_p0p5_m0p0_b0p25_r1610_r_000288,original_358,False,358,original_dev,0.0,original_dev
cons500_s0p4_adaptive_low_p0p5_m0p0_b0p25_r1610_r_000289,original_359,False,359,original_dev,0.0,original_dev
cons500_s0p4_adaptive_low_p0p5_m0p0_b0p25_r1610_r_000290,original_360,False,360,original_dev,0.0,original_dev
cons500_s0p4_adaptive_low_p0p5_m0p0_b0p25_r1610_r_000291,original_361,False,361,original_dev,0.0,original_dev
cons500_s0p4_adaptive_low_p0p5_m0p0_b0p25_r1610_r_000292,original_362,False,362,original_dev,0.0,original_dev
cons500_s0p4_adaptive_low_p0p5_m0p0_b0p25_r1610_r_000293,original_363,False,363,original_dev,0.0,original_dev
cons500_s0p4_adaptive_low_p0p5_m0p0_b0p25_r1610_r_000294,original_364,False,364,original_dev,0.0,original_dev
cons500_s0p4_adaptive_low_p0p5_m0p0_b0p25_r1610_r_000295,original_365,False,365,original_dev,0.0,original_dev
cons500_s0p4_adaptive_low_p0p5_m0p0_b0p25_r1610_r_000296,original_367,False,367,original_dev,0.0,original_dev
cons500_s0p4_adaptive_low_p0p5_m0p0_b0p25_r1610_r_000297,original_368,False,368,original_dev,0.0,original_dev
cons500_s0p4_adaptive_low_p0p5_m0p0_b0p25_r1610_r_000298,original_369,False,369,original_dev,0.0,original_dev
cons500_s0p4_adaptive_low_p0p5_m0p0_b0p25_r1610_r_000299,original_370,False,370,original_dev,0.0,original_dev
cons500_s0p4_adaptive_low_p0p5_m0p0_b0p25_r1610_r_000300,original_371,False,371,original_dev,0.0,original_dev
cons500_s0p4_adaptive_low_p0p5_m0p0_b0p25_r1610_r_000301,original_372,False,372,original_dev,0.0,original_dev
cons500_s0p4_adaptive_low_p0p5_m0p0_b0p25_r1610_r_000302,original_373,False,373,original_dev,0.0,original_dev
cons500_s0p4_adaptive_low_p0p5_m0p0_b0p25_r1610_r_000303,original_374,False,374,original_dev,0.0,original_dev
cons500_s0p4_adaptive_low_p0p5_m0p0_b0p25_r1610_r_000304,original_375,False,375,original_dev,0.0,original_dev
cons500_s0p4_adaptive_low_p0p5_m0p0_b0p25_r1610_r_000305,original_376,False,376,original_dev,0.0,original_dev
cons500_s0p4_adaptive_low_p0p5_m0p0_b0p25_r1610_r_000306,original_377,False,377,original_dev,0.0,original_dev
cons500_s0p4_adaptive_low_p0p5_m0p0_b0p25_r1610_r_000307,original_378,False,378,original_dev,0.0,original_dev
cons500_s0p4_adaptive_low_p0p5_m0p0_b0p25_r1610_r_000308,original_379,False,379,original_dev,0.0,original_dev
cons500_s0p4_adaptive_low_p0p5_m0p0_b0p25_r1610_r_000309,original_381,False,381,original_dev,0.0,original_dev
cons500_s0p4_adaptive_low_p0p5_m0p0_b0p25_r1610_r_000310,original_382,False,382,original_dev,0.0,original_dev
cons500_s0p4_adaptive_low_p0p5_m0p0_b0p25_r1610_r_000311,original_383,False,383,original_dev,0.0,original_dev
cons500_s0p4_adaptive_low_p0p5_m0p0_b0p25_r1610_r_000312,original_384,False,384,original_dev,0.0,original_dev
cons500_s0p4_adaptive_low_p0p5_m0p0_b0p25_r1610_r_000313,original_385,False,385,original_dev,0.0,original_dev
cons500_s0p4_adaptive_low_p0p5_m0p0_b0p25_r1610_r_000314,original_386,False,386,original_dev,0.0,original_dev
cons500_s0p4_adaptive_low_p0p5_m0p0_b0p25_r1610_r_000315,original_388,False,388,original_dev,0.0,original_dev
cons500_s0p4_adaptive_low_p0p5_m0p0_b0p25_r1610_r_000316,original_390,False,390,original_dev,0.0,original_dev
cons500_s0p4_adaptive_low_p0p5_m0p0_b0p25_r1610_r_000317,original_391,False,391,original_dev,0.0,original_dev
cons500_s0p4_adaptive_low_p0p5_m0p0_b0p25_r1610_r_000318,original_393,False,393,original_dev,0.0,original_dev
cons500_s0p4_adaptive_low_p0p5_m0p0_b0p25_r1610_r_000319,original_394,False,394,original_dev,0.0,original_dev
cons500_s0p4_adaptive_low_p0p5_m0p0_b0p25_r1610_r_000320,original_395,False,395,original_dev,0.0,original_dev
cons500_s0p4_adaptive_low_p0p5_m0p0_b0p25_r1610_r_000321,original_396,False,396,original_dev,0.0,original_dev
cons500_s0p4_adaptive_low_p0p5_m0p0_b0p25_r1610_r_000322,original_397,False,397,original_dev,0.0,original_dev
cons500_s0p4_adaptive_low_p0p5_m0p0_b0p25_r1610_r_000323,original_398,False,398,original_dev,0.0,original_dev
cons500_s0p4_adaptive_low_p0p5_m0p0_b0p25_r1610_r_000324,original_400,False,400,original_dev,0.0,original_dev
cons500_s0p4_adaptive_low_p0p5_m0p0_b0p25_r1610_r_000325,original_401,False,401,original_dev,0.0,original_dev
cons500_s0p4_adaptive_low_p0p5_m0p0_b0p25_r1610_r_000326,original_403,False,403,original_dev,0.0,original_dev
cons500_s0p4_adaptive_low_p0p5_m0p0_b0p25_r1610_r_000327,original_404,False,404,original_dev,0.0,original_dev
cons500_s0p4_adaptive_low_p0p5_m0p0_b0p25_r1610_r_000328,original_405,False,405,original_dev,0.0,original_dev
cons500_s0p4_adaptive_low_p0p5_m0p0_b0p25_r1610_r_000329,original_406,False,406,original_dev,0.0,original_dev
cons500_s0p4_adaptive_low_p0p5_m0p0_b0p25_r1610_r_000330,original_409,False,409,original_dev,0.0,original_dev
cons500_s0p4_adaptive_low_p0p5_m0p0_b0p25_r1610_r_000331,original_411,False,411,original_dev,0.0,original_dev
cons500_s0p4_adaptive_low_p0p5_m0p0_b0p25_r1610_r_000332,original_412,False,412,original_dev,0.0,original_dev
cons500_s0p4_adaptive_low_p0p5_m0p0_b0p25_r1610_r_000333,original_413,False,413,original_dev,0.0,original_dev
cons500_s0p4_adaptive_low_p0p5_m0p0_b0p25_r1610_r_000334,original_414,False,414,original_dev,0.0,original_dev
cons500_s0p4_adaptive_low_p0p5_m0p0_b0p25_r1610_r_000335,original_416,False,416,original_dev,0.0,original_dev
cons500_s0p4_adaptive_low_p0p5_m0p0_b0p25_r1610_r_000336,original_420,False,420,original_dev,0.0,original_dev
cons500_s0p4_adaptive_low_p0p5_m0p0_b0p25_r1610_r_000337,original_422,False,422,original_dev,0.0,original_dev
cons500_s0p4_adaptive_low_p0p5_m0p0_b0p25_r1610_r_000338,original_423,False,423,original_dev,0.0,original_dev
cons500_s0p4_adaptive_low_p0p5_m0p0_b0p25_r1610_r_000339,original_426,False,426,original_dev,0.0,original_dev
cons500_s0p4_adaptive_low_p0p5_m0p0_b0p25_r1610_r_000340,original_427,False,427,original_dev,0.0,original_dev
cons500_s0p4_adaptive_low_p0p5_m0p0_b0p25_r1610_r_000341,original_429,False,429,original_dev,0.0,original_dev
cons500_s0p4_adaptive_low_p0p5_m0p0_b0p25_r1610_r_000342,original_431,False,431,original_dev,0.0,original_dev
cons500_s0p4_adaptive_low_p0p5_m0p0_b0p25_r1610_r_000343,original_432,False,432,original_dev,0.0,original_dev
cons500_s0p4_adaptive_low_p0p5_m0p0_b0p25_r1610_r_000344,original_433,False,433,original_dev,0.0,original_dev
cons500_s0p4_adaptive_low_p0p5_m0p0_b0p25_r1610_r_000345,original_434,False,434,original_dev,0.0,original_dev
cons500_s0p4_adaptive_low_p0p5_m0p0_b0p25_r1610_r_000346,original_435,False,435,original_dev,0.0,original_dev
cons500_s0p4_adaptive_low_p0p5_m0p0_b0p25_r1610_r_000347,original_438,False,438,original_dev,0.0,original_dev
cons500_s0p4_adaptive_low_p0p5_m0p0_b0p25_r1610_r_000348,original_439,False,439,original_dev,0.0,original_dev
cons500_s0p4_adaptive_low_p0p5_m0p0_b0p25_r1610_r_000349,original_442,False,442,original_dev,0.0,original_dev
cons500_s0p4_adaptive_low_p0p5_m0p0_b0p25_r1610_r_000350,original_443,False,443,original_dev,0.0,original_dev
cons500_s0p4_adaptive_low_p0p5_m0p0_b0p25_r1610_r_000351,original_444,False,444,original_dev,0.0,original_dev
cons500_s0p4_adaptive_low_p0p5_m0p0_b0p25_r1610_r_000352,original_446,False,446,original_dev,0.0,original_dev
cons500_s0p4_adaptive_low_p0p5_m0p0_b0p25_r1610_r_000353,original_448,False,448,original_dev,0.0,original_dev
cons500_s0p4_adaptive_low_p0p5_m0p0_b0p25_r1610_r_000354,original_449,False,449,original_dev,0.0,original_dev
cons500_s0p4_adaptive_low_p0p5_m0p0_b0p25_r1610_r_000355,original_450,False,450,original_dev,0.0,original_dev
cons500_s0p4_adaptive_low_p0p5_m0p0_b0p25_r1610_r_000356,original_451,False,451,original_dev,0.0,original_dev
cons500_s0p4_adaptive_low_p0p5_m0p0_b0p25_r1610_r_000357,original_452,False,452,original_dev,0.0,original_dev
cons500_s0p4_adaptive_low_p0p5_m0p0_b0p25_r1610_r_000358,original_453,False,453,original_dev,0.0,original_dev
cons500_s0p4_adaptive_low_p0p5_m0p0_b0p25_r1610_r_000359,original_454,False,454,original_dev,0.0,original_dev
cons500_s0p4_adaptive_low_p0p5_m0p0_b0p25_r1610_r_000360,original_455,False,455,original_dev,0.0,original_dev
cons500_s0p4_adaptive_low_p0p5_m0p0_b0p25_r1610_r_000361,original_456,False,456,original_dev,0.0,original_dev
cons500_s0p4_adaptive_low_p0p5_m0p0_b0p25_r1610_r_000362,original_457,False,457,original_dev,0.0,original_dev
cons500_s0p4_adaptive_low_p0p5_m0p0_b0p25_r1610_r_000363,original_458,False,458,original_dev,0.0,original_dev
cons500_s0p4_adaptive_low_p0p5_m0p0_b0p25_r1610_r_000364,original_459,False,459,original_dev,0.0,original_dev
cons500_s0p4_adaptive_low_p0p5_m0p0_b0p25_r1610_r_000365,original_460,False,460,original_dev,0.0,original_dev
cons500_s0p4_adaptive_low_p0p5_m0p0_b0p25_r1610_r_000366,original_461,False,461,original_dev,0.0,original_dev
cons500_s0p4_adaptive_low_p0p5_m0p0_b0p25_r1610_r_000367,original_462,False,462,original_dev,0.0,original_dev
cons500_s0p4_adaptive_low_p0p5_m0p0_b0p25_r1610_r_000368,original_463,False,463,original_dev,0.0,original_dev
cons500_s0p4_adaptive_low_p0p5_m0p0_b0p25_r1610_r_000369,original_464,False,464,original_dev,0.0,original_dev
cons500_s0p4_adaptive_low_p0p5_m0p0_b0p25_r1610_r_000370,original_465,False,465,original_dev,0.0,original_dev
cons500_s0p4_adaptive_low_p0p5_m0p0_b0p25_r1610_r_000371,original_466,False,466,original_dev,0.0,original_dev
cons500_s0p4_adaptive_low_p0p5_m0p0_b0p25_r1610_r_000372,original_467,False,467,original_dev,0.0,original_dev
cons500_s0p4_adaptive_low_p0p5_m0p0_b0p25_r1610_r_000373,original_468,False,468,original_dev,0.0,original_dev
cons500_s0p4_adaptive_low_p0p5_m0p0_b0p25_r1610_r_000374,original_470,False,470,original_dev,0.0,original_dev
cons500_s0p4_adaptive_low_p0p5_m0p0_b0p25_r1610_r_000375,original_472,False,472,original_dev,0.0,original_dev
cons500_s0p4_adaptive_low_p0p5_m0p0_b0p25_r1610_r_000376,original_473,False,473,original_dev,0.0,original_dev
cons500_s0p4_adaptive_low_p0p5_m0p0_b0p25_r1610_r_000377,original_474,False,474,original_dev,0.0,original_dev
cons500_s0p4_adaptive_low_p0p5_m0p0_b0p25_r1610_r_000378,original_475,False,475,original_dev,0.0,original_dev
cons500_s0p4_adaptive_low_p0p5_m0p0_b0p25_r1610_r_000379,original_476,False,476,original_dev,0.0,original_dev
cons500_s0p4_adaptive_low_p0p5_m0p0_b0p25_r1610_r_000380,original_477,False,477,original_dev,0.0,original_dev
cons500_s0p4_adaptive_low_p0p5_m0p0_b0p25_r1610_r_000381,original_478,False,478,original_dev,0.0,original_dev
cons500_s0p4_adaptive_low_p0p5_m0p0_b0p25_r1610_r_000382,original_479,False,479,original_dev,0.0,original_dev
cons500_s0p4_adaptive_low_p0p5_m0p0_b0p25_r1610_r_000383,original_482,False,482,original_dev,0.0,original_dev
cons500_s0p4_adaptive_low_p0p5_m0p0_b0p25_r1610_r_000384,original_483,False,483,original_dev,0.0,original_dev
cons500_s0p4_adaptive_low_p0p5_m0p0_b0p25_r1610_r_000385,original_485,False,485,original_dev,0.0,original_dev
cons500_s0p4_adaptive_low_p0p5_m0p0_b0p25_r1610_r_000386,original_487,False,487,original_dev,0.0,original_dev
cons500_s0p4_adaptive_low_p0p5_m0p0_b0p25_r1610_r_000387,original_490,False,490,original_dev,0.0,original_dev
cons500_s0p4_adaptive_low_p0p5_m0p0_b0p25_r1610_r_000388,original_491,False,491,original_dev,0.0,original_dev
cons500_s0p4_adaptive_low_p0p5_m0p0_b0p25_r1610_r_000389,original_492,False,492,original_dev,0.0,original_dev
cons500_s0p4_adaptive_low_p0p5_m0p0_b0p25_r1610_r_000390,original_493,False,493,original_dev,0.0,original_dev
cons500_s0p4_adaptive_low_p0p5_m0p0_b0p25_r1610_r_000391,original_495,False,495,original_dev,0.0,original_dev
cons500_s0p4_adaptive_low_p0p5_m0p0_b0p25_r1610_r_000392,original_497,False,497,original_dev,0.0,original_dev
cons500_s0p4_adaptive_low_p0p5_m0p0_b0p25_r1610_r_000393,original_498,False,498,original_dev,0.0,original_dev
cons500_s0p4_adaptive_low_p0p5_m0p0_b0p25_r1610_r_000394,original_499,False,499,original_dev,0.0,original_dev
cons500_s0p4_adaptive_low_p0p5_m0p0_b0p25_r1610_r_000395,original_500,False,500,original_dev,0.0,original_dev
cons500_s0p4_adaptive_low_p0p5_m0p0_b0p25_r1610_r_000396,original_502,False,502,original_dev,0.0,original_dev
cons500_s0p4_adaptive_low_p0p5_m0p0_b0p25_r1610_r_000397,original_503,False,503,original_dev,0.0,original_dev
cons500_s0p4_adaptive_low_p0p5_m0p0_b0p25_r1610_r_000398,original_504,False,504,original_dev,0.0,original_dev
cons500_s0p4_adaptive_low_p0p5_m0p0_b0p25_r1610_r_000399,original_505,False,505,original_dev,0.0,original_dev
cons500_s0p4_adaptive_low_p0p5_m0p0_b0p25_r1610_r_000400,original_506,False,506,original_dev,0.0,original_dev
cons500_s0p4_adaptive_low_p0p5_m0p0_b0p25_r1610_r_000401,original_507,False,507,original_dev,0.0,original_dev
cons500_s0p4_adaptive_low_p0p5_m0p0_b0p25_r1610_r_000402,original_508,False,508,original_dev,0.0,original_dev
cons500_s0p4_adaptive_low_p0p5_m0p0_b0p25_r1610_r_000403,original_509,False,509,original_dev,0.0,original_dev
cons500_s0p4_adaptive_low_p0p5_m0p0_b0p25_r1610_r_000404,original_510,False,510,original_dev,0.0,original_dev
cons500_s0p4_adaptive_low_p0p5_m0p0_b0p25_r1610_r_000405,original_511,False,511,original_dev,0.0,original_dev
cons500_s0p4_adaptive_low_p0p5_m0p0_b0p25_r1610_r_000406,original_512,False,512,original_dev,0.0,original_dev
cons500_s0p4_adaptive_low_p0p5_m0p0_b0p25_r1610_r_000407,original_514,False,514,original_dev,0.0,original_dev
cons500_s0p4_adaptive_low_p0p5_m0p0_b0p25_r1610_r_000408,original_515,False,515,original_dev,0.0,original_dev
cons500_s0p4_adaptive_low_p0p5_m0p0_b0p25_r1610_r_000409,original_516,False,516,original_dev,0.0,original_dev
cons500_s0p4_adaptive_low_p0p5_m0p0_b0p25_r1610_r_000410,original_518,False,518,original_dev,0.0,original_dev
cons500_s0p4_adaptive_low_p0p5_m0p0_b0p25_r1610_r_000411,original_519,False,519,original_dev,0.0,original_dev
cons500_s0p4_adaptive_low_p0p5_m0p0_b0p25_r1610_r_000412,original_520,False,520,original_dev,0.0,original_dev
cons500_s0p4_adaptive_low_p0p5_m0p0_b0p25_r1610_r_000413,original_521,False,521,original_dev,0.0,original_dev
cons500_s0p4_adaptive_low_p0p5_m0p0_b0p25_r1610_r_000414,original_522,False,522,original_dev,0.0,original_dev
cons500_s0p4_adaptive_low_p0p5_m0p0_b0p25_r1610_r_000415,original_523,False,523,original_dev,0.0,original_dev
cons500_s0p4_adaptive_low_p0p5_m0p0_b0p25_r1610_r_000416,original_524,False,524,original_dev,0.0,original_dev
cons500_s0p4_adaptive_low_p0p5_m0p0_b0p25_r1610_r_000417,original_525,False,525,original_dev,0.0,original_dev
cons500_s0p4_adaptive_low_p0p5_m0p0_b0p25_r1610_r_000418,original_526,False,526,original_dev,0.0,original_dev
cons500_s0p4_adaptive_low_p0p5_m0p0_b0p25_r1610_r_000419,original_528,False,528,original_dev,0.0,original_dev
cons500_s0p4_adaptive_low_p0p5_m0p0_b0p25_r1610_r_000420,original_529,False,529,original_dev,0.0,original_dev
cons500_s0p4_adaptive_low_p0p5_m0p0_b0p25_r1610_r_000421,original_530,False,530,original_dev,0.0,original_dev
cons500_s0p4_adaptive_low_p0p5_m0p0_b0p25_r1610_r_000422,original_534,False,534,original_dev,0.0,original_dev
cons500_s0p4_adaptive_low_p0p5_m0p0_b0p25_r1610_r_000423,original_536,False,536,original_dev,0.0,original_dev
cons500_s0p4_adaptive_low_p0p5_m0p0_b0p25_r1610_r_000424,original_538,False,538,original_dev,0.0,original_dev
cons500_s0p4_adaptive_low_p0p5_m0p0_b0p25_r1610_r_000425,original_539,False,539,original_dev,0.0,original_dev
cons500_s0p4_adaptive_low_p0p5_m0p0_b0p25_r1610_r_000426,original_540,False,540,original_dev,0.0,original_dev
cons500_s0p4_adaptive_low_p0p5_m0p0_b0p25_r1610_r_000427,original_541,False,541,original_dev,0.0,original_dev
cons500_s0p4_adaptive_low_p0p5_m0p0_b0p25_r1610_r_000428,original_542,False,542,original_dev,0.0,original_dev
cons500_s0p4_adaptive_low_p0p5_m0p0_b0p25_r1610_r_000429,original_544,False,544,original_dev,0.0,original_dev
cons500_s0p4_adaptive_low_p0p5_m0p0_b0p25_r1610_r_000430,original_545,False,545,original_dev,0.0,original_dev
cons500_s0p4_adaptive_low_p0p5_m0p0_b0p25_r1610_r_000431,original_546,False,546,original_dev,0.0,original_dev
cons500_s0p4_adaptive_low_p0p5_m0p0_b0p25_r1610_r_000432,original_547,False,547,original_dev,0.0,original_dev
cons500_s0p4_adaptive_low_p0p5_m0p0_b0p25_r1610_r_000433,original_548,False,548,original_dev,0.0,original_dev
cons500_s0p4_adaptive_low_p0p5_m0p0_b0p25_r1610_r_000434,original_549,False,549,original_dev,0.0,original_dev
cons500_s0p4_adaptive_low_p0p5_m0p0_b0p25_r1610_r_000435,original_550,False,550,original_dev,0.0,original_dev
cons500_s0p4_adaptive_low_p0p5_m0p0_b0p25_r1610_r_000436,original_551,False,551,original_dev,0.0,original_dev
cons500_s0p4_adaptive_low_p0p5_m0p0_b0p25_r1610_r_000437,original_552,False,552,original_dev,0.0,original_dev
cons500_s0p4_adaptive_low_p0p5_m0p0_b0p25_r1610_r_000438,original_553,False,553,original_dev,0.0,original_dev
cons500_s0p4_adaptive_low_p0p5_m0p0_b0p25_r1610_r_000439,original_555,False,555,original_dev,0.0,original_dev
cons500_s0p4_adaptive_low_p0p5_m0p0_b0p25_r1610_r_000440,original_556,False,556,original_dev,0.0,original_dev
cons500_s0p4_adaptive_low_p0p5_m0p0_b0p25_r1610_r_000441,original_557,False,557,original_dev,0.0,original_dev
cons500_s0p4_adaptive_low_p0p5_m0p0_b0p25_r1610_r_000442,original_559,False,559,original_dev,0.0,original_dev
cons500_s0p4_adaptive_low_p0p5_m0p0_b0p25_r1610_r_000443,original_561,False,561,original_dev,0.0,original_dev
cons500_s0p4_adaptive_low_p0p5_m0p0_b0p25_r1610_r_000444,original_562,False,562,original_dev,0.0,original_dev
cons500_s0p4_adaptive_low_p0p5_m0p0_b0p25_r1610_r_000445,original_564,False,564,original_dev,0.0,original_dev
cons500_s0p4_adaptive_low_p0p5_m0p0_b0p25_r1610_r_000446,original_565,False,565,original_dev,0.0,original_dev
cons500_s0p4_adaptive_low_p0p5_m0p0_b0p25_r1610_r_000447,original_566,False,566,original_dev,0.0,original_dev
cons500_s0p4_adaptive_low_p0p5_m0p0_b0p25_r1610_r_000448,original_567,False,567,original_dev,0.0,original_dev
cons500_s0p4_adaptive_low_p0p5_m0p0_b0p25_r1610_r_000449,original_568,False,568,original_dev,0.0,original_dev
cons500_s0p4_adaptive_low_p0p5_m0p0_b0p25_r1610_r_000450,original_569,False,569,original_dev,0.0,original_dev
cons500_s0p4_adaptive_low_p0p5_m0p0_b0p25_r1610_r_000451,original_571,False,571,original_dev,0.0,original_dev
cons500_s0p4_adaptive_low_p0p5_m0p0_b0p25_r1610_r_000452,original_572,False,572,original_dev,0.0,original_dev
cons500_s0p4_adaptive_low_p0p5_m0p0_b0p25_r1610_r_000453,original_573,False,573,original_dev,0.0,original_dev
cons500_s0p4_adaptive_low_p0p5_m0p0_b0p25_r1610_r_000454,original_574,False,574,original_dev,0.0,original_dev
cons500_s0p4_adaptive_low_p0p5_m0p0_b0p25_r1610_r_000455,original_575,False,575,original_dev,0.0,original_dev
cons500_s0p4_adaptive_low_p0p5_m0p0_b0p25_r1610_r_000456,original_576,False,576,original_dev,0.0,original_dev
cons500_s0p4_adaptive_low_p0p5_m0p0_b0p25_r1610_r_000457,original_577,False,577,original_dev,0.0,original_dev
cons500_s0p4_adaptive_low_p0p5_m0p0_b0p25_r1610_r_000458,original_578,False,578,original_dev,0.0,original_dev
cons500_s0p4_adaptive_low_p0p5_m0p0_b0p25_r1610_r_000459,original_579,False,579,original_dev,0.0,original_dev
cons500_s0p4_adaptive_low_p0p5_m0p0_b0p25_r1610_r_000460,original_580,False,580,original_dev,0.0,original_dev
cons500_s0p4_adaptive_low_p0p5_m0p0_b0p25_r1610_r_000461,original_581,False,581,original_dev,0.0,original_dev
cons500_s0p4_adaptive_low_p0p5_m0p0_b0p25_r1610_r_000462,original_582,False,582,original_dev,0.0,original_dev
cons500_s0p4_adaptive_low_p0p5_m0p0_b0p25_r1610_r_000463,original_583,False,583,original_dev,0.0,original_dev
cons500_s0p4_adaptive_low_p0p5_m0p0_b0p25_r1610_r_000464,original_585,False,585,original_dev,0.0,original_dev
cons500_s0p4_adaptive_low_p0p5_m0p0_b0p25_r1610_r_000465,original_586,False,586,original_dev,0.0,original_dev
cons500_s0p4_adaptive_low_p0p5_m0p0_b0p25_r1610_r_000466,original_587,False,587,original_dev,0.0,original_dev
cons500_s0p4_adaptive_low_p0p5_m0p0_b0p25_r1610_r_000467,original_588,False,588,original_dev,0.0,original_dev
cons500_s0p4_adaptive_low_p0p5_m0p0_b0p25_r1610_r_000468,original_590,False,590,original_dev,0.0,original_dev
cons500_s0p4_adaptive_low_p0p5_m0p0_b0p25_r1610_r_000469,original_591,False,591,original_dev,0.0,original_dev
cons500_s0p4_adaptive_low_p0p5_m0p0_b0p25_r1610_r_000470,original_592,False,592,original_dev,0.0,original_dev
cons500_s0p4_adaptive_low_p0p5_m0p0_b0p25_r1610_r_000471,original_594,False,594,original_dev,0.0,original_dev
cons500_s0p4_adaptive_low_p0p5_m0p0_b0p25_r1610_r_000472,original_595,False,595,original_dev,0.0,original_dev
cons500_s0p4_adaptive_low_p0p5_m0p0_b0p25_r1610_r_000473,original_597,False,597,original_dev,0.0,original_dev
cons500_s0p4_adaptive_low_p0p5_m0p0_b0p25_r1610_r_000474,original_598,False,598,original_dev,0.0,original_dev
cons500_s0p4_adaptive_low_p0p5_m0p0_b0p25_r1610_r_000475,original_599,False,599,original_dev,0.0,original_dev
cons500_s0p4_adaptive_low_p0p5_m0p0_b0p25_r1610_r_000476,original_600,False,600,original_dev,0.0,original_dev
cons500_s0p4_adaptive_low_p0p5_m0p0_b0p25_r1610_r_000477,original_601,False,601,original_dev,0.0,original_dev
cons500_s0p4_adaptive_low_p0p5_m0p0_b0p25_r1610_r_000478,original_602,False,602,original_dev,0.0,original_dev
cons500_s0p4_adaptive_low_p0p5_m0p0_b0p25_r1610_r_000479,original_603,False,603,original_dev,0.0,original_dev
cons500_s0p4_adaptive_low_p0p5_m0p0_b0p25_r1610_r_000480,original_604,False,604,original_dev,0.0,original_dev
cons500_s0p4_adaptive_low_p0p5_m0p0_b0p25_r1610_r_000481,original_605,False,605,original_dev,0.0,original_dev
cons500_s0p4_adaptive_low_p0p5_m0p0_b0p25_r1610_r_000482,original_606,False,606,original_dev,0.0,original_dev
cons500_s0p4_adaptive_low_p0p5_m0p0_b0p25_r1610_r_000483,original_607,False,607,original_dev,0.0,original_dev
cons500_s0p4_adaptive_low_p0p5_m0p0_b0p25_r1610_r_000484,original_608,False,608,original_dev,0.0,original_dev
cons500_s0p4_adaptive_low_p0p5_m0p0_b0p25_r1610_r_000485,original_609,False,609,original_dev,0.0,original_dev
cons500_s0p4_adaptive_low_p0p5_m0p0_b0p25_r1610_r_000486,original_610,False,610,original_dev,0.0,original_dev
cons500_s0p4_adaptive_low_p0p5_m0p0_b0p25_r1610_r_000487,original_611,False,611,original_dev,0.0,original_dev
cons500_s0p4_adaptive_low_p0p5_m0p0_b0p25_r1610_r_000488,original_612,False,612,original_dev,0.0,original_dev
cons500_s0p4_adaptive_low_p0p5_m0p0_b0p25_r1610_r_000489,original_613,False,613,original_dev,0.0,original_dev
cons500_s0p4_adaptive_low_p0p5_m0p0_b0p25_r1610_r_000490,original_614,False,614,original_dev,0.0,original_dev
cons500_s0p4_adaptive_low_p0p5_m0p0_b0p25_r1610_r_000491,original_616,False,616,original_dev,0.0,original_dev
cons500_s0p4_adaptive_low_p0p5_m0p0_b0p25_r1610_r_000492,original_617,False,617,original_dev,0.0,original_dev
cons500_s0p4_adaptive_low_p0p5_m0p0_b0p25_r1610_r_000493,original_619,False,619,original_dev,0.0,original_dev
cons500_s0p4_adaptive_low_p0p5_m0p0_b0p25_r1610_r_000494,original_620,False,620,original_dev,0.0,original_dev
cons500_s0p4_adaptive_low_p0p5_m0p0_b0p25_r1610_r_000495,original_621,False,621,original_dev,0.0,original_dev
cons500_s0p4_adaptive_low_p0p5_m0p0_b0p25_r1610_r_000496,original_622,False,622,original_dev,0.0,original_dev
cons500_s0p4_adaptive_low_p0p5_m0p0_b0p25_r1610_r_000497,original_623,False,623,original_dev,0.0,original_dev
cons500_s0p4_adaptive_low_p0p5_m0p0_b0p25_r1610_r_000498,original_624,False,624,original_dev,0.0,original_dev
cons500_s0p4_adaptive_low_p0p5_m0p0_b0p25_r1610_r_000499,original_625,False,625,original_dev,0.0,original_dev
cons500_s0p4_adaptive_low_p0p5_m0p0_b0p25_r1610_r_000500,original_626,False,626,original_dev,0.0,original_dev
cons500_s0p4_adaptive_low_p0p5_m0p0_b0p25_r1610_r_000501,original_627,False,627,original_dev,0.0,original_dev
cons500_s0p4_adaptive_low_p0p5_m0p0_b0p25_r1610_r_000502,original_628,False,628,original_dev,0.0,original_dev
cons500_s0p4_adaptive_low_p0p5_m0p0_b0p25_r1610_r_000503,original_631,False,631,original_dev,0.0,original_dev
cons500_s0p4_adaptive_low_p0p5_m0p0_b0p25_r1610_r_000504,original_632,False,632,original_dev,0.0,original_dev
cons500_s0p4_adaptive_low_p0p5_m0p0_b0p25_r1610_r_000505,original_633,False,633,original_dev,0.0,original_dev
cons500_s0p4_adaptive_low_p0p5_m0p0_b0p25_r1610_r_000506,original_634,False,634,original_dev,0.0,original_dev
cons500_s0p4_adaptive_low_p0p5_m0p0_b0p25_r1610_r_000507,original_636,False,636,original_dev,0.0,original_dev
cons500_s0p4_adaptive_low_p0p5_m0p0_b0p25_r1610_r_000508,original_638,False,638,original_dev,0.0,original_dev
cons500_s0p4_adaptive_low_p0p5_m0p0_b0p25_r1610_r_000509,original_639,False,639,original_dev,0.0,original_dev
cons500_s0p4_adaptive_low_p0p5_m0p0_b0p25_r1610_r_000510,original_640,False,640,original_dev,0.0,original_dev
cons500_s0p4_adaptive_low_p0p5_m0p0_b0p25_r1610_r_000511,original_641,False,641,original_dev,0.0,original_dev
cons500_s0p4_adaptive_low_p0p5_m0p0_b0p25_r1610_r_000512,original_642,False,642,original_dev,0.0,original_dev
cons500_s0p4_adaptive_low_p0p5_m0p0_b0p25_r1610_r_000513,original_643,False,643,original_dev,0.0,original_dev
cons500_s0p4_adaptive_low_p0p5_m0p0_b0p25_r1610_r_000514,original_644,False,644,original_dev,0.0,original_dev
cons500_s0p4_adaptive_low_p0p5_m0p0_b0p25_r1610_r_000515,original_645,False,645,original_dev,0.0,original_dev
cons500_s0p4_adaptive_low_p0p5_m0p0_b0p25_r1610_r_000516,original_646,False,646,original_dev,0.0,original_dev
cons500_s0p4_adaptive_low_p0p5_m0p0_b0p25_r1610_r_000517,original_647,False,647,original_dev,0.0,original_dev
cons500_s0p4_adaptive_low_p0p5_m0p0_b0p25_r1610_r_000518,original_648,False,648,original_dev,0.0,original_dev
cons500_s0p4_adaptive_low_p0p5_m0p0_b0p25_r1610_r_000519,original_649,False,649,original_dev,0.0,original_dev
cons500_s0p4_adaptive_low_p0p5_m0p0_b0p25_r1610_r_000520,original_651,False,651,original_dev,0.0,original_dev
cons500_s0p4_adaptive_low_p0p5_m0p0_b0p25_r1610_r_000521,original_652,False,652,original_dev,0.0,original_dev
cons500_s0p4_adaptive_low_p0p5_m0p0_b0p25_r1610_r_000522,original_653,False,653,original_dev,0.0,original_dev
cons500_s0p4_adaptive_low_p0p5_m0p0_b0p25_r1610_r_000523,original_654,False,654,original_dev,0.0,original_dev
cons500_s0p4_adaptive_low_p0p5_m0p0_b0p25_r1610_r_000524,original_655,False,655,original_dev,0.0,original_dev
cons500_s0p4_adaptive_low_p0p5_m0p0_b0p25_r1610_r_000525,original_656,False,656,original_dev,0.0,original_dev
cons500_s0p4_adaptive_low_p0p5_m0p0_b0p25_r1610_r_000526,original_657,False,657,original_dev,0.0,original_dev
cons500_s0p4_adaptive_low_p0p5_m0p0_b0p25_r1610_r_000527,original_658,False,658,original_dev,0.0,original_dev
cons500_s0p4_adaptive_low_p0p5_m0p0_b0p25_r1610_r_000528,original_659,False,659,original_dev,0.0,original_dev
cons500_s0p4_adaptive_low_p0p5_m0p0_b0p25_r1610_r_000529,original_661,False,661,original_dev,0.0,original_dev
cons500_s0p4_adaptive_low_p0p5_m0p0_b0p25_r1610_r_000530,original_662,False,662,original_dev,0.0,original_dev
cons500_s0p4_adaptive_low_p0p5_m0p0_b0p25_r1610_r_000531,original_663,False,663,original_dev,0.0,original_dev
cons500_s0p4_adaptive_low_p0p5_m0p0_b0p25_r1610_r_000532,original_664,False,664,original_dev,0.0,original_dev
cons500_s0p4_adaptive_low_p0p5_m0p0_b0p25_r1610_r_000533,original_665,False,665,original_dev,0.0,original_dev
cons500_s0p4_adaptive_low_p0p5_m0p0_b0p25_r1610_r_000534,original_666,False,666,original_dev,0.0,original_dev
cons500_s0p4_adaptive_low_p0p5_m0p0_b0p25_r1610_r_000535,original_667,False,667,original_dev,0.0,original_dev
cons500_s0p4_adaptive_low_p0p5_m0p0_b0p25_r1610_r_000536,original_668,False,668,original_dev,0.0,original_dev
cons500_s0p4_adaptive_low_p0p5_m0p0_b0p25_r1610_r_000537,original_669,False,669,original_dev,0.0,original_dev
cons500_s0p4_adaptive_low_p0p5_m0p0_b0p25_r1610_r_000538,original_670,False,670,original_dev,0.0,original_dev
cons500_s0p4_adaptive_low_p0p5_m0p0_b0p25_r1610_r_000539,original_671,False,671,original_dev,0.0,original_dev
cons500_s0p4_adaptive_low_p0p5_m0p0_b0p25_r1610_r_000540,original_673,False,673,original_dev,0.0,original_dev
cons500_s0p4_adaptive_low_p0p5_m0p0_b0p25_r1610_r_000541,original_675,False,675,original_dev,0.0,original_dev
cons500_s0p4_adaptive_low_p0p5_m0p0_b0p25_r1610_r_000542,original_676,False,676,original_dev,0.0,original_dev
cons500_s0p4_adaptive_low_p0p5_m0p0_b0p25_r1610_r_000543,original_677,False,677,original_dev,0.0,original_dev
cons500_s0p4_adaptive_low_p0p5_m0p0_b0p25_r1610_r_000544,original_680,False,680,original_dev,0.0,original_dev
cons500_s0p4_adaptive_low_p0p5_m0p0_b0p25_r1610_r_000545,original_681,False,681,original_dev,0.0,original_dev
cons500_s0p4_adaptive_low_p0p5_m0p0_b0p25_r1610_r_000546,original_682,False,682,original_dev,0.0,original_dev
cons500_s0p4_adaptive_low_p0p5_m0p0_b0p25_r1610_r_000547,original_683,False,683,original_dev,0.0,original_dev
cons500_s0p4_adaptive_low_p0p5_m0p0_b0p25_r1610_r_000548,original_684,False,684,original_dev,0.0,original_dev
cons500_s0p4_adaptive_low_p0p5_m0p0_b0p25_r1610_r_000549,original_685,False,685,original_dev,0.0,original_dev
cons500_s0p4_adaptive_low_p0p5_m0p0_b0p25_r1610_r_000550,original_686,False,686,original_dev,0.0,original_dev
cons500_s0p4_adaptive_low_p0p5_m0p0_b0p25_r1610_r_000551,original_687,False,687,original_dev,0.0,original_dev
cons500_s0p4_adaptive_low_p0p5_m0p0_b0p25_r1610_r_000552,original_688,False,688,original_dev,0.0,original_dev
cons500_s0p4_adaptive_low_p0p5_m0p0_b0p25_r1610_r_000553,original_689,False,689,original_dev,0.0,original_dev
cons500_s0p4_adaptive_low_p0p5_m0p0_b0p25_r1610_r_000554,original_690,False,690,original_dev,0.0,original_dev
cons500_s0p4_adaptive_low_p0p5_m0p0_b0p25_r1610_r_000555,original_691,False,691,original_dev,0.0,original_dev
cons500_s0p4_adaptive_low_p0p5_m0p0_b0p25_r1610_r_000556,original_692,False,692,original_dev,0.0,original_dev
cons500_s0p4_adaptive_low_p0p5_m0p0_b0p25_r1610_r_000557,original_693,False,693,original_dev,0.0,original_dev
cons500_s0p4_adaptive_low_p0p5_m0p0_b0p25_r1610_r_000558,original_694,False,694,original_dev,0.0,original_dev
cons500_s0p4_adaptive_low_p0p5_m0p0_b0p25_r1610_r_000559,original_695,False,695,original_dev,0.0,original_dev
cons500_s0p4_adaptive_low_p0p5_m0p0_b0p25_r1610_r_000560,original_696,False,696,original_dev,0.0,original_dev
cons500_s0p4_adaptive_low_p0p5_m0p0_b0p25_r1610_r_000561,original_701,False,701,original_dev,0.0,original_dev
cons500_s0p4_adaptive_low_p0p5_m0p0_b0p25_r1610_r_000562,original_702,False,702,original_dev,0.0,original_dev
cons500_s0p4_adaptive_low_p0p5_m0p0_b0p25_r1610_r_000563,original_703,False,703,original_dev,0.0,original_dev
cons500_s0p4_adaptive_low_p0p5_m0p0_b0p25_r1610_r_000564,original_704,False,704,original_dev,0.0,original_dev
cons500_s0p4_adaptive_low_p0p5_m0p0_b0p25_r1610_r_000565,original_705,False,705,original_dev,0.0,original_dev
cons500_s0p4_adaptive_low_p0p5_m0p0_b0p25_r1610_r_000566,original_706,False,706,original_dev,0.0,original_dev
cons500_s0p4_adaptive_low_p0p5_m0p0_b0p25_r1610_r_000567,original_707,False,707,original_dev,0.0,original_dev
cons500_s0p4_adaptive_low_p0p5_m0p0_b0p25_r1610_r_000568,original_708,False,708,original_dev,0.0,original_dev
cons500_s0p4_adaptive_low_p0p5_m0p0_b0p25_r1610_r_000569,original_709,False,709,original_dev,0.0,original_dev
cons500_s0p4_adaptive_low_p0p5_m0p0_b0p25_r1610_r_000570,original_710,False,710,original_dev,0.0,original_dev
cons500_s0p4_adaptive_low_p0p5_m0p0_b0p25_r1610_r_000571,original_711,False,711,original_dev,0.0,original_dev
cons500_s0p4_adaptive_low_p0p5_m0p0_b0p25_r1610_r_000572,original_714,False,714,original_dev,0.0,original_dev
cons500_s0p4_adaptive_low_p0p5_m0p0_b0p25_r1610_r_000573,original_715,False,715,original_dev,0.0,original_dev
cons500_s0p4_adaptive_low_p0p5_m0p0_b0p25_r1610_r_000574,original_716,False,716,original_dev,0.0,original_dev
cons500_s0p4_adaptive_low_p0p5_m0p0_b0p25_r1610_r_000575,original_717,False,717,original_dev,0.0,original_dev
cons500_s0p4_adaptive_low_p0p5_m0p0_b0p25_r1610_r_000576,original_718,False,718,original_dev,0.0,original_dev
cons500_s0p4_adaptive_low_p0p5_m0p0_b0p25_r1610_r_000577,original_719,False,719,original_dev,0.0,original_dev
cons500_s0p4_adaptive_low_p0p5_m0p0_b0p25_r1610_r_000578,original_720,False,720,original_dev,0.0,original_dev
cons500_s0p4_adaptive_low_p0p5_m0p0_b0p25_r1610_r_000579,original_721,False,721,original_dev,0.0,original_dev
cons500_s0p4_adaptive_low_p0p5_m0p0_b0p25_r1610_r_000580,original_723,False,723,original_dev,0.0,original_dev
cons500_s0p4_adaptive_low_p0p5_m0p0_b0p25_r1610_r_000581,original_725,False,725,original_dev,0.0,original_dev
cons500_s0p4_adaptive_low_p0p5_m0p0_b0p25_r1610_r_000582,original_726,False,726,original_dev,0.0,original_dev
cons500_s0p4_adaptive_low_p0p5_m0p0_b0p25_r1610_r_000583,original_727,False,727,original_dev,0.0,original_dev
cons500_s0p4_adaptive_low_p0p5_m0p0_b0p25_r1610_r_000584,original_728,False,728,original_dev,0.0,original_dev
cons500_s0p4_adaptive_low_p0p5_m0p0_b0p25_r1610_r_000585,original_729,False,729,original_dev,0.0,original_dev
cons500_s0p4_adaptive_low_p0p5_m0p0_b0p25_r1610_r_000586,original_730,False,730,original_dev,0.0,original_dev
cons500_s0p4_adaptive_low_p0p5_m0p0_b0p25_r1610_r_000587,original_731,False,731,original_dev,0.0,original_dev
cons500_s0p4_adaptive_low_p0p5_m0p0_b0p25_r1610_r_000588,original_732,False,732,original_dev,0.0,original_dev
cons500_s0p4_adaptive_low_p0p5_m0p0_b0p25_r1610_r_000589,original_733,False,733,original_dev,0.0,original_dev
cons500_s0p4_adaptive_low_p0p5_m0p0_b0p25_r1610_r_000590,original_735,False,735,original_dev,0.0,original_dev
cons500_s0p4_adaptive_low_p0p5_m0p0_b0p25_r1610_r_000591,original_737,False,737,original_dev,0.0,original_dev
cons500_s0p4_adaptive_low_p0p5_m0p0_b0p25_r1610_r_000592,original_738,False,738,original_dev,0.0,original_dev
cons500_s0p4_adaptive_low_p0p5_m0p0_b0p25_r1610_r_000593,original_739,False,739,original_dev,0.0,original_dev
cons500_s0p4_adaptive_low_p0p5_m0p0_b0p25_r1610_r_000594,original_741,False,741,original_dev,0.0,original_dev
cons500_s0p4_adaptive_low_p0p5_m0p0_b0p25_r1610_r_000595,original_744,False,744,original_dev,0.0,original_dev
cons500_s0p4_adaptive_low_p0p5_m0p0_b0p25_r1610_r_000596,original_747,False,747,original_dev,0.0,original_dev
cons500_s0p4_adaptive_low_p0p5_m0p0_b0p25_r1610_r_000597,original_748,False,748,original_dev,0.0,original_dev
cons500_s0p4_adaptive_low_p0p5_m0p0_b0p25_r1610_r_000598,original_749,False,749,original_dev,0.0,original_dev
cons500_s0p4_adaptive_low_p0p5_m0p0_b0p25_r1610_r_000599,original_750,False,750,original_dev,0.0,original_dev
cons500_s0p4_adaptive_low_p0p5_m0p0_b0p25_r1610_r_000600,original_751,False,751,original_dev,0.0,original_dev
cons500_s0p4_adaptive_low_p0p5_m0p0_b0p25_r1610_r_000601,original_752,False,752,original_dev,0.0,original_dev
cons500_s0p4_adaptive_low_p0p5_m0p0_b0p25_r1610_r_000602,original_753,False,753,original_dev,0.0,original_dev
cons500_s0p4_adaptive_low_p0p5_m0p0_b0p25_r1610_r_000603,original_754,False,754,original_dev,0.0,original_dev
cons500_s0p4_adaptive_low_p0p5_m0p0_b0p25_r1610_r_000604,original_755,False,755,original_dev,0.0,original_dev
cons500_s0p4_adaptive_low_p0p5_m0p0_b0p25_r1610_r_000605,original_757,False,757,original_dev,0.0,original_dev
cons500_s0p4_adaptive_low_p0p5_m0p0_b0p25_r1610_r_000606,original_758,False,758,original_dev,0.0,original_dev
cons500_s0p4_adaptive_low_p0p5_m0p0_b0p25_r1610_r_000607,original_759,False,759,original_dev,0.0,original_dev
cons500_s0p4_adaptive_low_p0p5_m0p0_b0p25_r1610_r_000608,original_760,False,760,original_dev,0.0,original_dev
cons500_s0p4_adaptive_low_p0p5_m0p0_b0p25_r1610_r_000609,original_761,False,761,original_dev,0.0,original_dev
cons500_s0p4_adaptive_low_p0p5_m0p0_b0p25_r1610_r_000610,original_762,False,762,original_dev,0.0,original_dev
cons500_s0p4_adaptive_low_p0p5_m0p0_b0p25_r1610_r_000611,original_764,False,764,original_dev,0.0,original_dev
cons500_s0p4_adaptive_low_p0p5_m0p0_b0p25_r1610_r_000612,original_765,False,765,original_dev,0.0,original_dev
cons500_s0p4_adaptive_low_p0p5_m0p0_b0p25_r1610_r_000613,original_766,False,766,original_dev,0.0,original_dev
cons500_s0p4_adaptive_low_p0p5_m0p0_b0p25_r1610_r_000614,original_573,True,573,conservative_distribution_matched_one_parent,0.39814160688524863,adaptive_low
cons500_s0p4_adaptive_low_p0p5_m0p0_b0p25_r1610_r_000615,original_85,True,85,conservative_distribution_matched_one_parent,0.3793129682789102,adaptive_low
cons500_s0p4_adaptive_low_p0p5_m0p0_b0p25_r1610_r_000616,original_20,True,20,conservative_distribution_matched_one_parent,0.37926165922359745,adaptive_low
cons500_s0p4_adaptive_low_p0p5_m0p0_b0p25_r1610_r_000617,original_336,True,336,conservative_distribution_matched_one_parent,0.4188467837483212,adaptive_low
cons500_s0p4_adaptive_low_p0p5_m0p0_b0p25_r1610_r_000618,original_354,True,354,conservative_distribution_matched_one_parent,0.38617090726930503,adaptive_low
cons500_s0p4_adaptive_low_p0p5_m0p0_b0p25_r1610_r_000619,original_313,True,313,conservative_distribution_matched_one_parent,0.3887679979633021,adaptive_low
cons500_s0p4_adaptive_low_p0p5_m0p0_b0p25_r1610_r_000620,original_325,True,325,conservative_distribution_matched_one_parent,0.4236273867331512,adaptive_low
cons500_s0p4_adaptive_low_p0p5_m0p0_b0p25_r1610_r_000621,original_720,True,720,conservative_distribution_matched_one_parent,0.40778167862865566,adaptive_low
cons500_s0p4_adaptive_low_p0p5_m0p0_b0p25_r1610_r_000622,original_461,True,461,conservative_distribution_matched_one_parent,0.35716810388031933,adaptive_low
cons500_s0p4_adaptive_low_p0p5_m0p0_b0p25_r1610_r_000623,original_453,True,453,conservative_distribution_matched_one_parent,0.4077908949573549,adaptive_low
cons500_s0p4_adaptive_low_p0p5_m0p0_b0p25_r1610_r_000624,original_168,True,168,conservative_distribution_matched_one_parent,0.35162830912189086,adaptive_low
cons500_s0p4_adaptive_low_p0p5_m0p0_b0p25_r1610_r_000625,original_723,True,723,conservative_distribution_matched_one_parent,0.39719336116443976,adaptive_low
cons500_s0p4_adaptive_low_p0p5_m0p0_b0p25_r1610_r_000626,original_352,True,352,conservative_distribution_matched_one_parent,0.4074534077237025,adaptive_low
cons500_s0p4_adaptive_low_p0p5_m0p0_b0p25_r1610_r_000627,original_466,True,466,conservative_distribution_matched_one_parent,0.43457432494516646,adaptive_low
cons500_s0p4_adaptive_low_p0p5_m0p0_b0p25_r1610_r_000628,original_665,True,665,conservative_distribution_matched_one_parent,0.4172066598330542,adaptive_low
cons500_s0p4_adaptive_low_p0p5_m0p0_b0p25_r1610_r_000629,original_54,True,54,conservative_distribution_matched_one_parent,0.39806286262131696,adaptive_low
cons500_s0p4_adaptive_low_p0p5_m0p0_b0p25_r1610_r_000630,original_184,True,184,conservative_distribution_matched_one_parent,0.35700046110866523,adaptive_low
cons500_s0p4_adaptive_low_p0p5_m0p0_b0p25_r1610_r_000631,original_77,True,77,conservative_distribution_matched_one_parent,0.4672924032957426,adaptive_low
cons500_s0p4_adaptive_low_p0p5_m0p0_b0p25_r1610_r_000632,original_525,True,525,conservative_distribution_matched_one_parent,0.3608838071880149,adaptive_low
cons500_s0p4_adaptive_low_p0p5_m0p0_b0p25_r1610_r_000633,original_47,True,47,conservative_distribution_matched_one_parent,0.4123527035664042,adaptive_low
cons500_s0p4_adaptive_low_p0p5_m0p0_b0p25_r1610_r_000634,original_252,True,252,conservative_distribution_matched_one_parent,0.39312217982637215,adaptive_low
cons500_s0p4_adaptive_low_p0p5_m0p0_b0p25_r1610_r_000635,original_60,True,60,conservative_distribution_matched_one_parent,0.3425432391200422,adaptive_low
cons500_s0p4_adaptive_low_p0p5_m0p0_b0p25_r1610_r_000636,original_222,True,222,conservative_distribution_matched_one_parent,0.39349117437961884,adaptive_low
cons500_s0p4_adaptive_low_p0p5_m0p0_b0p25_r1610_r_000637,original_30,True,30,conservative_distribution_matched_one_parent,0.4143321854700999,adaptive_low
cons500_s0p4_adaptive_low_p0p5_m0p0_b0p25_r1610_r_000638,original_726,True,726,conservative_distribution_matched_one_parent,0.40276879893439005,adaptive_low
cons500_s0p4_adaptive_low_p0p5_m0p0_b0p25_r1610_r_000639,original_432,True,432,conservative_distribution_matched_one_parent,0.37342969452357994,adaptive_low
cons500_s0p4_adaptive_low_p0p5_m0p0_b0p25_r1610_r_000640,original_121,True,121,conservative_distribution_matched_one_parent,0.4083029098158419,adaptive_low
cons500_s0p4_adaptive_low_p0p5_m0p0_b0p25_r1610_r_000641,original_762,True,762,conservative_distribution_matched_one_parent,0.43031854163357497,adaptive_low
cons500_s0p4_adaptive_low_p0p5_m0p0_b0p25_r1610_r_000642,original_40,True,40,conservative_distribution_matched_one_parent,0.3800015305000652,adaptive_low
cons500_s0p4_adaptive_low_p0p5_m0p0_b0p25_r1610_r_000643,original_416,True,416,conservative_distribution_matched_one_parent,0.42946504992705853,adaptive_low
cons500_s0p4_adaptive_low_p0p5_m0p0_b0p25_r1610_r_000644,original_401,True,401,conservative_distribution_matched_one_parent,0.3651745499701411,adaptive_low
cons500_s0p4_adaptive_low_p0p5_m0p0_b0p25_r1610_r_000645,original_594,True,594,conservative_distribution_matched_one_parent,0.4247920639129079,adaptive_low
cons500_s0p4_adaptive_low_p0p5_m0p0_b0p25_r1610_r_000646,original_737,True,737,conservative_distribution_matched_one_parent,0.4711357534714217,adaptive_low
cons500_s0p4_adaptive_low_p0p5_m0p0_b0p25_r1610_r_000647,original_639,True,639,conservative_distribution_matched_one_parent,0.4060210609452943,adaptive_low
cons500_s0p4_adaptive_low_p0p5_m0p0_b0p25_r1610_r_000648,original_601,True,601,conservative_distribution_matched_one_parent,0.33136111118534595,adaptive_low
cons500_s0p4_adaptive_low_p0p5_m0p0_b0p25_r1610_r_000649,original_765,True,765,conservative_distribution_matched_one_parent,0.3938344222620028,adaptive_low
cons500_s0p4_adaptive_low_p0p5_m0p0_b0p25_r1610_r_000650,original_627,True,627,conservative_distribution_matched_one_parent,0.3640236143858573,adaptive_low
cons500_s0p4_adaptive_low_p0p5_m0p0_b0p25_r1610_r_000651,original_405,True,405,conservative_distribution_matched_one_parent,0.34980291226962723,adaptive_low
cons500_s0p4_adaptive_low_p0p5_m0p0_b0p25_r1610_r_000652,original_263,True,263,conservative_distribution_matched_one_parent,0.38608265806246217,adaptive_low
cons500_s0p4_adaptive_low_p0p5_m0p0_b0p25_r1610_r_000653,original_551,True,551,conservative_distribution_matched_one_parent,0.3571774163150617,adaptive_low
cons500_s0p4_adaptive_low_p0p5_m0p0_b0p25_r1610_r_000654,original_374,True,374,conservative_distribution_matched_one_parent,0.36726746540819427,adaptive_low
cons500_s0p4_adaptive_low_p0p5_m0p0_b0p25_r1610_r_000655,original_101,True,101,conservative_distribution_matched_one_parent,0.41545922417953374,adaptive_low
cons500_s0p4_adaptive_low_p0p5_m0p0_b0p25_r1610_r_000656,original_257,True,257,conservative_distribution_matched_one_parent,0.3948274744365507,adaptive_low
cons500_s0p4_adaptive_low_p0p5_m0p0_b0p25_r1610_r_000657,original_411,True,411,conservative_distribution_matched_one_parent,0.41500135739491184,adaptive_low
cons500_s0p4_adaptive_low_p0p5_m0p0_b0p25_r1610_r_000658,original_398,True,398,conservative_distribution_matched_one_parent,0.4102972099589261,adaptive_low
cons500_s0p4_adaptive_low_p0p5_m0p0_b0p25_r1610_r_000659,original_348,True,348,conservative_distribution_matched_one_parent,0.4009880922786527,adaptive_low
cons500_s0p4_adaptive_low_p0p5_m0p0_b0p25_r1610_r_000660,original_473,True,473,conservative_distribution_matched_one_parent,0.4731963279742544,adaptive_low
cons500_s0p4_adaptive_low_p0p5_m0p0_b0p25_r1610_r_000661,original_449,True,449,conservative_distribution_matched_one_parent,0.36626301116968424,adaptive_low
cons500_s0p4_adaptive_low_p0p5_m0p0_b0p25_r1610_r_000662,original_547,True,547,conservative_distribution_matched_one_parent,0.4051704969883632,adaptive_low
cons500_s0p4_adaptive_low_p0p5_m0p0_b0p25_r1610_r_000663,original_459,True,459,conservative_distribution_matched_one_parent,0.3953444949350356,adaptive_low
cons500_s0p4_adaptive_low_p0p5_m0p0_b0p25_r1610_r_000664,original_168,True,168,conservative_distribution_matched_one_parent,0.4218683900636321,adaptive_low
cons500_s0p4_adaptive_low_p0p5_m0p0_b0p25_r1610_r_000665,original_462,True,462,conservative_distribution_matched_one_parent,0.34399840741924864,adaptive_low
cons500_s0p4_adaptive_low_p0p5_m0p0_b0p25_r1610_r_000666,original_744,True,744,conservative_distribution_matched_one_parent,0.33854848798202125,adaptive_low
cons500_s0p4_adaptive_low_p0p5_m0p0_b0p25_r1610_r_000667,original_751,True,751,conservative_distribution_matched_one_parent,0.39859291658535456,adaptive_low
cons500_s0p4_adaptive_low_p0p5_m0p0_b0p25_r1610_r_000668,original_135,True,135,conservative_distribution_matched_one_parent,0.39424716063773235,adaptive_low
cons500_s0p4_adaptive_low_p0p5_m0p0_b0p25_r1610_r_000669,original_534,True,534,conservative_distribution_matched_one_parent,0.4081266576953158,adaptive_low
cons500_s0p4_adaptive_low_p0p5_m0p0_b0p25_r1610_r_000670,original_616,True,616,conservative_distribution_matched_one_parent,0.3711089434975335,adaptive_low
cons500_s0p4_adaptive_low_p0p5_m0p0_b0p25_r1610_r_000671,original_470,True,470,conservative_distribution_matched_one_parent,0.39535035699718946,adaptive_low
cons500_s0p4_adaptive_low_p0p5_m0p0_b0p25_r1610_r_000672,original_446,True,446,conservative_distribution_matched_one_parent,0.4146738616227342,adaptive_low
cons500_s0p4_adaptive_low_p0p5_m0p0_b0p25_r1610_r_000673,original_63,True,63,conservative_distribution_matched_one_parent,0.3937127763951041,adaptive_low
cons500_s0p4_adaptive_low_p0p5_m0p0_b0p25_r1610_r_000674,original_65,True,65,conservative_distribution_matched_one_parent,0.40254249869456954,adaptive_low
cons500_s0p4_adaptive_low_p0p5_m0p0_b0p25_r1610_r_000675,original_704,True,704,conservative_distribution_matched_one_parent,0.36740422472952994,adaptive_low
cons500_s0p4_adaptive_low_p0p5_m0p0_b0p25_r1610_r_000676,original_571,True,571,conservative_distribution_matched_one_parent,0.4606254957572762,adaptive_low
cons500_s0p4_adaptive_low_p0p5_m0p0_b0p25_r1610_r_000677,original_278,True,278,conservative_distribution_matched_one_parent,0.42620086467068113,adaptive_low
cons500_s0p4_adaptive_low_p0p5_m0p0_b0p25_r1610_r_000678,original_126,True,126,conservative_distribution_matched_one_parent,0.37284354258780233,adaptive_low
cons500_s0p4_adaptive_low_p0p5_m0p0_b0p25_r1610_r_000679,original_728,True,728,conservative_distribution_matched_one_parent,0.393081563134793,adaptive_low
cons500_s0p4_adaptive_low_p0p5_m0p0_b0p25_r1610_r_000680,original_555,True,555,conservative_distribution_matched_one_parent,0.3703541981033411,adaptive_low
cons500_s0p4_adaptive_low_p0p5_m0p0_b0p25_r1610_r_000681,original_649,True,649,conservative_distribution_matched_one_parent,0.42077093097281354,adaptive_low
cons500_s0p4_adaptive_low_p0p5_m0p0_b0p25_r1610_r_000682,original_499,True,499,conservative_distribution_matched_one_parent,0.382773570130361,adaptive_low
cons500_s0p4_adaptive_low_p0p5_m0p0_b0p25_r1610_r_000683,original_668,True,668,conservative_distribution_matched_one_parent,0.3442765501807659,adaptive_low
cons500_s0p4_adaptive_low_p0p5_m0p0_b0p25_r1610_r_000684,original_272,True,272,conservative_distribution_matched_one_parent,0.4273248418453052,adaptive_low
cons500_s0p4_adaptive_low_p0p5_m0p0_b0p25_r1610_r_000685,original_599,True,599,conservative_distribution_matched_one_parent,0.4092575566896464,adaptive_low
cons500_s0p4_adaptive_low_p0p5_m0p0_b0p25_r1610_r_000686,original_65,True,65,conservative_distribution_matched_one_parent,0.4262826781896463,adaptive_low
cons500_s0p4_adaptive_low_p0p5_m0p0_b0p25_r1610_r_000687,original_478,True,478,conservative_distribution_matched_one_parent,0.39811736752884397,adaptive_low
cons500_s0p4_adaptive_low_p0p5_m0p0_b0p25_r1610_r_000688,original_182,True,182,conservative_distribution_matched_one_parent,0.38066717306726794,adaptive_low
cons500_s0p4_adaptive_low_p0p5_m0p0_b0p25_r1610_r_000689,original_67,True,67,conservative_distribution_matched_one_parent,0.40272012719985584,adaptive_low
cons500_s0p4_adaptive_low_p0p5_m0p0_b0p25_r1610_r_000690,original_685,True,685,conservative_distribution_matched_one_parent,0.4036926596494072,adaptive_low
cons500_s0p4_adaptive_low_p0p5_m0p0_b0p25_r1610_r_000691,original_690,True,690,conservative_distribution_matched_one_parent,0.42466292458595534,adaptive_low
cons500_s0p4_adaptive_low_p0p5_m0p0_b0p25_r1610_r_000692,original_36,True,36,conservative_distribution_matched_one_parent,0.34259659075183196,adaptive_low
cons500_s0p4_adaptive_low_p0p5_m0p0_b0p25_r1610_r_000693,original_487,True,487,conservative_distribution_matched_one_parent,0.40975697992007765,adaptive_low
cons500_s0p4_adaptive_low_p0p5_m0p0_b0p25_r1610_r_000694,original_362,True,362,conservative_distribution_matched_one_parent,0.40889487037599764,adaptive_low
cons500_s0p4_adaptive_low_p0p5_m0p0_b0p25_r1610_r_000695,original_167,True,167,conservative_distribution_matched_one_parent,0.428954244217844,adaptive_low
cons500_s0p4_adaptive_low_p0p5_m0p0_b0p25_r1610_r_000696,original_54,True,54,conservative_distribution_matched_one_parent,0.35765779418877,adaptive_low
cons500_s0p4_adaptive_low_p0p5_m0p0_b0p25_r1610_r_000697,original_383,True,383,conservative_distribution_matched_one_parent,0.46442000124270166,adaptive_low
cons500_s0p4_adaptive_low_p0p5_m0p0_b0p25_r1610_r_000698,original_126,True,126,conservative_distribution_matched_one_parent,0.4478196930213302,adaptive_low
cons500_s0p4_adaptive_low_p0p5_m0p0_b0p25_r1610_r_000699,original_651,True,651,conservative_distribution_matched_one_parent,0.35250069709778276,adaptive_low
cons500_s0p4_adaptive_low_p0p5_m0p0_b0p25_r1610_r_000700,original_454,True,454,conservative_distribution_matched_one_parent,0.4106685451822787,adaptive_low
cons500_s0p4_adaptive_low_p0p5_m0p0_b0p25_r1610_r_000701,original_456,True,456,conservative_distribution_matched_one_parent,0.3730784757652361,adaptive_low
cons500_s0p4_adaptive_low_p0p5_m0p0_b0p25_r1610_r_000702,original_148,True,148,conservative_distribution_matched_one_parent,0.3872488324997588,adaptive_low
cons500_s0p4_adaptive_low_p0p5_m0p0_b0p25_r1610_r_000703,original_431,True,431,conservative_distribution_matched_one_parent,0.37037464663119696,adaptive_low
cons500_s0p4_adaptive_low_p0p5_m0p0_b0p25_r1610_r_000704,original_747,True,747,conservative_distribution_matched_one_parent,0.4713436752739319,adaptive_low
cons500_s0p4_adaptive_low_p0p5_m0p0_b0p25_r1610_r_000705,original_628,True,628,conservative_distribution_matched_one_parent,0.3925406821673623,adaptive_low
cons500_s0p4_adaptive_low_p0p5_m0p0_b0p25_r1610_r_000706,original_416,True,416,conservative_distribution_matched_one_parent,0.4371822610591204,adaptive_low
cons500_s0p4_adaptive_low_p0p5_m0p0_b0p25_r1610_r_000707,original_267,True,267,conservative_distribution_matched_one_parent,0.3914365669002816,adaptive_low
cons500_s0p4_adaptive_low_p0p5_m0p0_b0p25_r1610_r_000708,original_107,True,107,conservative_distribution_matched_one_parent,0.40080148655357517,adaptive_low
cons500_s0p4_adaptive_low_p0p5_m0p0_b0p25_r1610_r_000709,original_161,True,161,conservative_distribution_matched_one_parent,0.38890482129901405,adaptive_low
cons500_s0p4_adaptive_low_p0p5_m0p0_b0p25_r1610_r_000710,original_150,True,150,conservative_distribution_matched_one_parent,0.4218407655002446,adaptive_low
cons500_s0p4_adaptive_low_p0p5_m0p0_b0p25_r1610_r_000711,original_582,True,582,conservative_distribution_matched_one_parent,0.37037054856797114,adaptive_low
cons500_s0p4_adaptive_low_p0p5_m0p0_b0p25_r1610_r_000712,original_673,True,673,conservative_distribution_matched_one_parent,0.3378773381382691,adaptive_low
cons500_s0p4_adaptive_low_p0p5_m0p0_b0p25_r1610_r_000713,original_473,True,473,conservative_distribution_matched_one_parent,0.38822755397841013,adaptive_low
cons500_s0p4_adaptive_low_p0p5_m0p0_b0p25_r1610_r_000714,original_154,True,154,conservative_distribution_matched_one_parent,0.38745334132103965,adaptive_low
cons500_s0p4_adaptive_low_p0p5_m0p0_b0p25_r1610_r_000715,original_542,True,542,conservative_distribution_matched_one_parent,0.3930604681870743,adaptive_low
cons500_s0p4_adaptive_low_p0p5_m0p0_b0p25_r1610_r_000716,original_220,True,220,conservative_distribution_matched_one_parent,0.40742152070391524,adaptive_low
cons500_s0p4_adaptive_low_p0p5_m0p0_b0p25_r1610_r_000717,original_648,True,648,conservative_distribution_matched_one_parent,0.36296452537972607,adaptive_low
cons500_s0p4_adaptive_low_p0p5_m0p0_b0p25_r1610_r_000718,original_427,True,427,conservative_distribution_matched_one_parent,0.44375941037860567,adaptive_low
cons500_s0p4_adaptive_low_p0p5_m0p0_b0p25_r1610_r_000719,original_56,True,56,conservative_distribution_matched_one_parent,0.4026990966291895,adaptive_low
cons500_s0p4_adaptive_low_p0p5_m0p0_b0p25_r1610_r_000720,original_152,True,152,conservative_distribution_matched_one_parent,0.42468973586032743,adaptive_low
cons500_s0p4_adaptive_low_p0p5_m0p0_b0p25_r1610_r_000721,original_458,True,458,conservative_distribution_matched_one_parent,0.4029862412105608,adaptive_low
cons500_s0p4_adaptive_low_p0p5_m0p0_b0p25_r1610_r_000722,original_4,True,4,conservative_distribution_matched_one_parent,0.4437375886478186,adaptive_low
cons500_s0p4_adaptive_low_p0p5_m0p0_b0p25_r1610_r_000723,original_283,True,283,conservative_distribution_matched_one_parent,0.3875632919954349,adaptive_low
cons500_s0p4_adaptive_low_p0p5_m0p0_b0p25_r1610_r_000724,original_444,True,444,conservative_distribution_matched_one_parent,0.4806335070459348,adaptive_low
cons500_s0p4_adaptive_low_p0p5_m0p0_b0p25_r1610_r_000725,original_388,True,388,conservative_distribution_matched_one_parent,0.44463674509860013,adaptive_low
cons500_s0p4_adaptive_low_p0p5_m0p0_b0p25_r1610_r_000726,original_375,True,375,conservative_distribution_matched_one_parent,0.389151342387457,adaptive_low
cons500_s0p4_adaptive_low_p0p5_m0p0_b0p25_r1610_r_000727,original_242,True,242,conservative_distribution_matched_one_parent,0.40373263648569346,adaptive_low
cons500_s0p4_adaptive_low_p0p5_m0p0_b0p25_r1610_r_000728,original_579,True,579,conservative_distribution_matched_one_parent,0.3888687612997013,adaptive_low
cons500_s0p4_adaptive_low_p0p5_m0p0_b0p25_r1610_r_000729,original_539,True,539,conservative_distribution_matched_one_parent,0.35977732672451956,adaptive_low
cons500_s0p4_adaptive_low_p0p5_m0p0_b0p25_r1610_r_000730,original_614,True,614,conservative_distribution_matched_one_parent,0.3614248063889225,adaptive_low
cons500_s0p4_adaptive_low_p0p5_m0p0_b0p25_r1610_r_000731,original_455,True,455,conservative_distribution_matched_one_parent,0.39009457715196966,adaptive_low
cons500_s0p4_adaptive_low_p0p5_m0p0_b0p25_r1610_r_000732,original_11,True,11,conservative_distribution_matched_one_parent,0.3713805794092477,adaptive_low
cons500_s0p4_adaptive_low_p0p5_m0p0_b0p25_r1610_r_000733,original_701,True,701,conservative_distribution_matched_one_parent,0.43118616719836805,adaptive_low
cons500_s0p4_adaptive_low_p0p5_m0p0_b0p25_r1610_r_000734,original_709,True,709,conservative_distribution_matched_one_parent,0.40015081583035256,adaptive_low
cons500_s0p4_adaptive_low_p0p5_m0p0_b0p25_r1610_r_000735,original_638,True,638,conservative_distribution_matched_one_parent,0.35991989420743187,adaptive_low
cons500_s0p4_adaptive_low_p0p5_m0p0_b0p25_r1610_r_000736,original_280,True,280,conservative_distribution_matched_one_parent,0.4068362610299183,adaptive_low
cons500_s0p4_adaptive_low_p0p5_m0p0_b0p25_r1610_r_000737,original_195,True,195,conservative_distribution_matched_one_parent,0.3432839604639389,adaptive_low
cons500_s0p4_adaptive_low_p0p5_m0p0_b0p25_r1610_r_000738,original_542,True,542,conservative_distribution_matched_one_parent,0.37552134065574677,adaptive_low
cons500_s0p4_adaptive_low_p0p5_m0p0_b0p25_r1610_r_000739,original_214,True,214,conservative_distribution_matched_one_parent,0.42820924501638225,adaptive_low
cons500_s0p4_adaptive_low_p0p5_m0p0_b0p25_r1610_r_000740,original_702,True,702,conservative_distribution_matched_one_parent,0.37980846533560836,adaptive_low
cons500_s0p4_adaptive_low_p0p5_m0p0_b0p25_r1610_r_000741,original_321,True,321,conservative_distribution_matched_one_parent,0.4099519751281328,adaptive_low
cons500_s0p4_adaptive_low_p0p5_m0p0_b0p25_r1610_r_000742,original_611,True,611,conservative_distribution_matched_one_parent,0.3728366850902734,adaptive_low
cons500_s0p4_adaptive_low_p0p5_m0p0_b0p25_r1610_r_000743,original_177,True,177,conservative_distribution_matched_one_parent,0.39348029243842503,adaptive_low
cons500_s0p4_adaptive_low_p0p5_m0p0_b0p25_r1610_r_000744,original_663,True,663,conservative_distribution_matched_one_parent,0.41868082022982284,adaptive_low
cons500_s0p4_adaptive_low_p0p5_m0p0_b0p25_r1610_r_000745,original_177,True,177,conservative_distribution_matched_one_parent,0.4351978988827527,adaptive_low
cons500_s0p4_adaptive_low_p0p5_m0p0_b0p25_r1610_r_000746,original_216,True,216,conservative_distribution_matched_one_parent,0.38982515532101286,adaptive_low
cons500_s0p4_adaptive_low_p0p5_m0p0_b0p25_r1610_r_000747,original_100,True,100,conservative_distribution_matched_one_parent,0.4014724311417842,adaptive_low
cons500_s0p4_adaptive_low_p0p5_m0p0_b0p25_r1610_r_000748,original_19,True,19,conservative_distribution_matched_one_parent,0.399934548214024,adaptive_low
cons500_s0p4_adaptive_low_p0p5_m0p0_b0p25_r1610_r_000749,original_708,True,708,conservative_distribution_matched_one_parent,0.38692053142602656,adaptive_low
cons500_s0p4_adaptive_low_p0p5_m0p0_b0p25_r1610_r_000750,original_750,True,750,conservative_distribution_matched_one_parent,0.39135214625679116,adaptive_low
cons500_s0p4_adaptive_low_p0p5_m0p0_b0p25_r1610_r_000751,original_749,True,749,conservative_distribution_matched_one_parent,0.3851573136987733,adaptive_low
cons500_s0p4_adaptive_low_p0p5_m0p0_b0p25_r1610_r_000752,original_515,True,515,conservative_distribution_matched_one_parent,0.4491475819746127,adaptive_low
cons500_s0p4_adaptive_low_p0p5_m0p0_b0p25_r1610_r_000753,original_338,True,338,conservative_distribution_matched_one_parent,0.44856085031036214,adaptive_low
cons500_s0p4_adaptive_low_p0p5_m0p0_b0p25_r1610_r_000754,original_598,True,598,conservative_distribution_matched_one_parent,0.38844431436844146,adaptive_low
cons500_s0p4_adaptive_low_p0p5_m0p0_b0p25_r1610_r_000755,original_296,True,296,conservative_distribution_matched_one_parent,0.45208218334268835,adaptive_low
cons500_s0p4_adaptive_low_p0p5_m0p0_b0p25_r1610_r_000756,original_681,True,681,conservative_distribution_matched_one_parent,0.35907539088795876,adaptive_low
cons500_s0p4_adaptive_low_p0p5_m0p0_b0p25_r1610_r_000757,original_476,True,476,conservative_distribution_matched_one_parent,0.40083675080252995,adaptive_low
cons500_s0p4_adaptive_low_p0p5_m0p0_b0p25_r1610_r_000758,original_683,True,683,conservative_distribution_matched_one_parent,0.42273999059711154,adaptive_low
cons500_s0p4_adaptive_low_p0p5_m0p0_b0p25_r1610_r_000759,original_748,True,748,conservative_distribution_matched_one_parent,0.4121138453693454,adaptive_low
cons500_s0p4_adaptive_low_p0p5_m0p0_b0p25_r1610_r_000760,original_23,True,23,conservative_distribution_matched_one_parent,0.3899479435992678,adaptive_low
cons500_s0p4_adaptive_low_p0p5_m0p0_b0p25_r1610_r_000761,original_296,True,296,conservative_distribution_matched_one_parent,0.4062592430385539,adaptive_low
cons500_s0p4_adaptive_low_p0p5_m0p0_b0p25_r1610_r_000762,original_259,True,259,conservative_distribution_matched_one_parent,0.42419047838072244,adaptive_low
cons500_s0p4_adaptive_low_p0p5_m0p0_b0p25_r1610_r_000763,original_195,True,195,conservative_distribution_matched_one_parent,0.4314782164442615,adaptive_low
cons500_s0p4_adaptive_low_p0p5_m0p0_b0p25_r1610_r_000764,original_93,True,93,conservative_distribution_matched_one_parent,0.43077987944906504,adaptive_low
cons500_s0p4_adaptive_low_p0p5_m0p0_b0p25_r1610_r_000765,original_230,True,230,conservative_distribution_matched_one_parent,0.44477507672628674,adaptive_low
cons500_s0p4_adaptive_low_p0p5_m0p0_b0p25_r1610_r_000766,original_125,True,125,conservative_distribution_matched_one_parent,0.38761947262132784,adaptive_low
cons500_s0p4_adaptive_low_p0p5_m0p0_b0p25_r1610_r_000767,original_109,True,109,conservative_distribution_matched_one_parent,0.44445712176805374,adaptive_low
cons500_s0p4_adaptive_low_p0p5_m0p0_b0p25_r1610_r_000768,original_394,True,394,conservative_distribution_matched_one_parent,0.3958373978091524,adaptive_low
cons500_s0p4_adaptive_low_p0p5_m0p0_b0p25_r1610_r_000769,original_451,True,451,conservative_distribution_matched_one_parent,0.4347087846310316,adaptive_low
cons500_s0p4_adaptive_low_p0p5_m0p0_b0p25_r1610_r_000770,original_269,True,269,conservative_distribution_matched_one_parent,0.3958712938296309,adaptive_low
cons500_s0p4_adaptive_low_p0p5_m0p0_b0p25_r1610_r_000771,original_391,True,391,conservative_distribution_matched_one_parent,0.3906617213074384,adaptive_low
cons500_s0p4_adaptive_low_p0p5_m0p0_b0p25_r1610_r_000772,original_22,True,22,conservative_distribution_matched_one_parent,0.41600950585569624,adaptive_low
cons500_s0p4_adaptive_low_p0p5_m0p0_b0p25_r1610_r_000773,original_130,True,130,conservative_distribution_matched_one_parent,0.42210875382781904,adaptive_low
cons500_s0p4_adaptive_low_p0p5_m0p0_b0p25_r1610_r_000774,original_70,True,70,conservative_distribution_matched_one_parent,0.3661406774887324,adaptive_low
cons500_s0p4_adaptive_low_p0p5_m0p0_b0p25_r1610_r_000775,original_667,True,667,conservative_distribution_matched_one_parent,0.44349574538510994,adaptive_low
cons500_s0p4_adaptive_low_p0p5_m0p0_b0p25_r1610_r_000776,original_667,True,667,conservative_distribution_matched_one_parent,0.4171748559993046,adaptive_low
cons500_s0p4_adaptive_low_p0p5_m0p0_b0p25_r1610_r_000777,original_125,True,125,conservative_distribution_matched_one_parent,0.38931706529637805,adaptive_low
cons500_s0p4_adaptive_low_p0p5_m0p0_b0p25_r1610_r_000778,original_303,True,303,conservative_distribution_matched_one_parent,0.4007011049457382,adaptive_low
cons500_s0p4_adaptive_low_p0p5_m0p0_b0p25_r1610_r_000779,original_708,True,708,conservative_distribution_matched_one_parent,0.4259617944306157,adaptive_low
cons500_s0p4_adaptive_low_p0p5_m0p0_b0p25_r1610_r_000780,original_220,True,220,conservative_distribution_matched_one_parent,0.41910088343591967,adaptive_low
cons500_s0p4_adaptive_low_p0p5_m0p0_b0p25_r1610_r_000781,original_663,True,663,conservative_distribution_matched_one_parent,0.41682879982244636,adaptive_low
cons500_s0p4_adaptive_low_p0p5_m0p0_b0p25_r1610_r_000782,original_287,True,287,conservative_distribution_matched_one_parent,0.3977221574433519,adaptive_low
cons500_s0p4_adaptive_low_p0p5_m0p0_b0p25_r1610_r_000783,original_189,True,189,conservative_distribution_matched_one_parent,0.39975811123305655,adaptive_low
cons500_s0p4_adaptive_low_p0p5_m0p0_b0p25_r1610_r_000784,original_388,True,388,conservative_distribution_matched_one_parent,0.3937370355655717,adaptive_low
cons500_s0p4_adaptive_low_p0p5_m0p0_b0p25_r1610_r_000785,original_375,True,375,conservative_distribution_matched_one_parent,0.3456048222668818,adaptive_low
cons500_s0p4_adaptive_low_p0p5_m0p0_b0p25_r1610_r_000786,original_606,True,606,conservative_distribution_matched_one_parent,0.40721587487223887,adaptive_low
cons500_s0p4_adaptive_low_p0p5_m0p0_b0p25_r1610_r_000787,original_693,True,693,conservative_distribution_matched_one_parent,0.40170554592688296,adaptive_low
cons500_s0p4_adaptive_low_p0p5_m0p0_b0p25_r1610_r_000788,original_312,True,312,conservative_distribution_matched_one_parent,0.3944891541994253,adaptive_low
cons500_s0p4_adaptive_low_p0p5_m0p0_b0p25_r1610_r_000789,original_400,True,400,conservative_distribution_matched_one_parent,0.4372134161509475,adaptive_low
cons500_s0p4_adaptive_low_p0p5_m0p0_b0p25_r1610_r_000790,original_266,True,266,conservative_distribution_matched_one_parent,0.3758204800308975,adaptive_low
cons500_s0p4_adaptive_low_p0p5_m0p0_b0p25_r1610_r_000791,original_154,True,154,conservative_distribution_matched_one_parent,0.37981852134356286,adaptive_low
cons500_s0p4_adaptive_low_p0p5_m0p0_b0p25_r1610_r_000792,original_485,True,485,conservative_distribution_matched_one_parent,0.43751036721252107,adaptive_low
cons500_s0p4_adaptive_low_p0p5_m0p0_b0p25_r1610_r_000793,original_326,True,326,conservative_distribution_matched_one_parent,0.4070329849914246,adaptive_low
cons500_s0p4_adaptive_low_p0p5_m0p0_b0p25_r1610_r_000794,original_319,True,319,conservative_distribution_matched_one_parent,0.43416725523132993,adaptive_low
cons500_s0p4_adaptive_low_p0p5_m0p0_b0p25_r1610_r_000795,original_755,True,755,conservative_distribution_matched_one_parent,0.4323374029673095,adaptive_low
cons500_s0p4_adaptive_low_p0p5_m0p0_b0p25_r1610_r_000796,original_209,True,209,conservative_distribution_matched_one_parent,0.40661418053298465,adaptive_low
cons500_s0p4_adaptive_low_p0p5_m0p0_b0p25_r1610_r_000797,original_195,True,195,conservative_distribution_matched_one_parent,0.42974044432922603,adaptive_low
cons500_s0p4_adaptive_low_p0p5_m0p0_b0p25_r1610_r_000798,original_188,True,188,conservative_distribution_matched_one_parent,0.3748342345462018,adaptive_low
cons500_s0p4_adaptive_low_p0p5_m0p0_b0p25_r1610_r_000799,original_580,True,580,conservative_distribution_matched_one_parent,0.40929311241304006,adaptive_low
cons500_s0p4_adaptive_low_p0p5_m0p0_b0p25_r1610_r_000800,original_132,True,132,conservative_distribution_matched_one_parent,0.3739566352962389,adaptive_low
cons500_s0p4_adaptive_low_p0p5_m0p0_b0p25_r1610_r_000801,original_56,True,56,conservative_distribution_matched_one_parent,0.38404493023450287,adaptive_low
cons500_s0p4_adaptive_low_p0p5_m0p0_b0p25_r1610_r_000802,original_219,True,219,conservative_distribution_matched_one_parent,0.45630515365776675,adaptive_low
cons500_s0p4_adaptive_low_p0p5_m0p0_b0p25_r1610_r_000803,original_753,True,753,conservative_distribution_matched_one_parent,0.34000626731506756,adaptive_low
cons500_s0p4_adaptive_low_p0p5_m0p0_b0p25_r1610_r_000804,original_708,True,708,conservative_distribution_matched_one_parent,0.42582571262847124,adaptive_low
cons500_s0p4_adaptive_low_p0p5_m0p0_b0p25_r1610_r_000805,original_193,True,193,conservative_distribution_matched_one_parent,0.3946743916801946,adaptive_low
cons500_s0p4_adaptive_low_p0p5_m0p0_b0p25_r1610_r_000806,original_26,True,26,conservative_distribution_matched_one_parent,0.39042804644331236,adaptive_low
cons500_s0p4_adaptive_low_p0p5_m0p0_b0p25_r1610_r_000807,original_662,True,662,conservative_distribution_matched_one_parent,0.4024783611151348,adaptive_low
cons500_s0p4_adaptive_low_p0p5_m0p0_b0p25_r1610_r_000808,original_317,True,317,conservative_distribution_matched_one_parent,0.4368642503778012,adaptive_low
cons500_s0p4_adaptive_low_p0p5_m0p0_b0p25_r1610_r_000809,original_218,True,218,conservative_distribution_matched_one_parent,0.4294379738799118,adaptive_low
cons500_s0p4_adaptive_low_p0p5_m0p0_b0p25_r1610_r_000810,original_666,True,666,conservative_distribution_matched_one_parent,0.3907331168890143,adaptive_low
cons500_s0p4_adaptive_low_p0p5_m0p0_b0p25_r1610_r_000811,original_391,True,391,conservative_distribution_matched_one_parent,0.43477241401506017,adaptive_low
cons500_s0p4_adaptive_low_p0p5_m0p0_b0p25_r1610_r_000812,original_730,True,730,conservative_distribution_matched_one_parent,0.36612068176023815,adaptive_low
cons500_s0p4_adaptive_low_p0p5_m0p0_b0p25_r1610_r_000813,original_604,True,604,conservative_distribution_matched_one_parent,0.41942793670562706,adaptive_low
cons500_s0p4_adaptive_low_p0p5_m0p0_b0p25_r1610_r_000814,original_70,True,70,conservative_distribution_matched_one_parent,0.35288372182683136,adaptive_low
cons500_s0p4_adaptive_low_p0p5_m0p0_b0p25_r1610_r_000815,original_219,True,219,conservative_distribution_matched_one_parent,0.4512626349049985,adaptive_low
cons500_s0p4_adaptive_low_p0p5_m0p0_b0p25_r1610_r_000816,original_177,True,177,conservative_distribution_matched_one_parent,0.4280803549675795,adaptive_low
cons500_s0p4_adaptive_low_p0p5_m0p0_b0p25_r1610_r_000817,original_702,True,702,conservative_distribution_matched_one_parent,0.37855001959858287,adaptive_low
cons500_s0p4_adaptive_low_p0p5_m0p0_b0p25_r1610_r_000818,original_506,True,506,conservative_distribution_matched_one_parent,0.39585538181254143,adaptive_low
cons500_s0p4_adaptive_low_p0p5_m0p0_b0p25_r1610_r_000819,original_2,True,2,conservative_distribution_matched_one_parent,0.3967494983043337,adaptive_low
cons500_s0p4_adaptive_low_p0p5_m0p0_b0p25_r1610_r_000820,original_14,True,14,conservative_distribution_matched_one_parent,0.38130562516534006,adaptive_low
cons500_s0p4_adaptive_low_p0p5_m0p0_b0p25_r1610_r_000821,original_739,True,739,conservative_distribution_matched_one_parent,0.4124287541441752,adaptive_low
cons500_s0p4_adaptive_low_p0p5_m0p0_b0p25_r1610_r_000822,original_357,True,357,conservative_distribution_matched_one_parent,0.41942994713311876,adaptive_low
cons500_s0p4_adaptive_low_p0p5_m0p0_b0p25_r1610_r_000823,original_31,True,31,conservative_distribution_matched_one_parent,0.3891912793493974,adaptive_low
cons500_s0p4_adaptive_low_p0p5_m0p0_b0p25_r1610_r_000824,original_213,True,213,conservative_distribution_matched_one_parent,0.4093683542383536,adaptive_low
cons500_s0p4_adaptive_low_p0p5_m0p0_b0p25_r1610_r_000825,original_110,True,110,conservative_distribution_matched_one_parent,0.4150397344021551,adaptive_low
cons500_s0p4_adaptive_low_p0p5_m0p0_b0p25_r1610_r_000826,original_4,True,4,conservative_distribution_matched_one_parent,0.38751524596439657,adaptive_low
cons500_s0p4_adaptive_low_p0p5_m0p0_b0p25_r1610_r_000827,original_493,True,493,conservative_distribution_matched_one_parent,0.35874687398595384,adaptive_low
cons500_s0p4_adaptive_low_p0p5_m0p0_b0p25_r1610_r_000828,original_37,True,37,conservative_distribution_matched_one_parent,0.42995742522101815,adaptive_low
cons500_s0p4_adaptive_low_p0p5_m0p0_b0p25_r1610_r_000829,original_130,True,130,conservative_distribution_matched_one_parent,0.39587993342001315,adaptive_low
cons500_s0p4_adaptive_low_p0p5_m0p0_b0p25_r1610_r_000830,original_213,True,213,conservative_distribution_matched_one_parent,0.40102630697780917,adaptive_low
cons500_s0p4_adaptive_low_p0p5_m0p0_b0p25_r1610_r_000831,original_292,True,292,conservative_distribution_matched_one_parent,0.32522699760800217,adaptive_low
cons500_s0p4_adaptive_low_p0p5_m0p0_b0p25_r1610_r_000832,original_451,True,451,conservative_distribution_matched_one_parent,0.431817065096187,adaptive_low
cons500_s0p4_adaptive_low_p0p5_m0p0_b0p25_r1610_r_000833,original_152,True,152,conservative_distribution_matched_one_parent,0.4037333175254754,adaptive_low
cons500_s0p4_adaptive_low_p0p5_m0p0_b0p25_r1610_r_000834,original_197,True,197,conservative_distribution_matched_one_parent,0.4408966800681421,adaptive_low
cons500_s0p4_adaptive_low_p0p5_m0p0_b0p25_r1610_r_000835,original_429,True,429,conservative_distribution_matched_one_parent,0.3802364059514808,adaptive_low
cons500_s0p4_adaptive_low_p0p5_m0p0_b0p25_r1610_r_000836,original_541,True,541,conservative_distribution_matched_one_parent,0.3766190470859295,adaptive_low
cons500_s0p4_adaptive_low_p0p5_m0p0_b0p25_r1610_r_000837,original_261,True,261,conservative_distribution_matched_one_parent,0.38530364808198897,adaptive_low
cons500_s0p4_adaptive_low_p0p5_m0p0_b0p25_r1610_r_000838,original_48,True,48,conservative_distribution_matched_one_parent,0.3856612232241273,adaptive_low
cons500_s0p4_adaptive_low_p0p5_m0p0_b0p25_r1610_r_000839,original_646,True,646,conservative_distribution_matched_one_parent,0.4071256575170729,adaptive_low
cons500_s0p4_adaptive_low_p0p5_m0p0_b0p25_r1610_r_000840,original_349,True,349,conservative_distribution_matched_one_parent,0.3859225336441977,adaptive_low
cons500_s0p4_adaptive_low_p0p5_m0p0_b0p25_r1610_r_000841,original_619,True,619,conservative_distribution_matched_one_parent,0.4254096574922236,adaptive_low
cons500_s0p4_adaptive_low_p0p5_m0p0_b0p25_r1610_r_000842,original_696,True,696,conservative_distribution_matched_one_parent,0.39683063835554866,adaptive_low
cons500_s0p4_adaptive_low_p0p5_m0p0_b0p25_r1610_r_000843,original_708,True,708,conservative_distribution_matched_one_parent,0.36921797120417116,adaptive_low
cons500_s0p4_adaptive_low_p0p5_m0p0_b0p25_r1610_r_000844,original_695,True,695,conservative_distribution_matched_one_parent,0.37208478746741885,adaptive_low
cons500_s0p4_adaptive_low_p0p5_m0p0_b0p25_r1610_r_000845,original_214,True,214,conservative_distribution_matched_one_parent,0.39583630538928477,adaptive_low
cons500_s0p4_adaptive_low_p0p5_m0p0_b0p25_r1610_r_000846,original_429,True,429,conservative_distribution_matched_one_parent,0.4228225160458206,adaptive_low
cons500_s0p4_adaptive_low_p0p5_m0p0_b0p25_r1610_r_000847,original_592,True,592,conservative_distribution_matched_one_parent,0.39010543386959606,adaptive_low
cons500_s0p4_adaptive_low_p0p5_m0p0_b0p25_r1610_r_000848,original_357,True,357,conservative_distribution_matched_one_parent,0.4418468525655599,adaptive_low
cons500_s0p4_adaptive_low_p0p5_m0p0_b0p25_r1610_r_000849,original_2,True,2,conservative_distribution_matched_one_parent,0.4455794639981782,adaptive_low
cons500_s0p4_adaptive_low_p0p5_m0p0_b0p25_r1610_r_000850,original_766,True,766,conservative_distribution_matched_one_parent,0.4137288031474414,adaptive_low
cons500_s0p4_adaptive_low_p0p5_m0p0_b0p25_r1610_r_000851,original_175,True,175,conservative_distribution_matched_one_parent,0.3877201961262433,adaptive_low
cons500_s0p4_adaptive_low_p0p5_m0p0_b0p25_r1610_r_000852,original_303,True,303,conservative_distribution_matched_one_parent,0.4207717111202488,adaptive_low
cons500_s0p4_adaptive_low_p0p5_m0p0_b0p25_r1610_r_000853,original_638,True,638,conservative_distribution_matched_one_parent,0.4434234709312061,adaptive_low
cons500_s0p4_adaptive_low_p0p5_m0p0_b0p25_r1610_r_000854,original_306,True,306,conservative_distribution_matched_one_parent,0.38589874968979687,adaptive_low
cons500_s0p4_adaptive_low_p0p5_m0p0_b0p25_r1610_r_000855,original_171,True,171,conservative_distribution_matched_one_parent,0.3979362097821361,adaptive_low
cons500_s0p4_adaptive_low_p0p5_m0p0_b0p25_r1610_r_000856,original_303,True,303,conservative_distribution_matched_one_parent,0.4012450277648368,adaptive_low
cons500_s0p4_adaptive_low_p0p5_m0p0_b0p25_r1610_r_000857,original_646,True,646,conservative_distribution_matched_one_parent,0.4246263853695476,adaptive_low
cons500_s0p4_adaptive_low_p0p5_m0p0_b0p25_r1610_r_000858,original_375,True,375,conservative_distribution_matched_one_parent,0.376207168264988,adaptive_low
cons500_s0p4_adaptive_low_p0p5_m0p0_b0p25_r1610_r_000859,original_39,True,39,conservative_distribution_matched_one_parent,0.382371462289919,adaptive_low
cons500_s0p4_adaptive_low_p0p5_m0p0_b0p25_r1610_r_000860,original_400,True,400,conservative_distribution_matched_one_parent,0.46631404710527685,adaptive_low
cons500_s0p4_adaptive_low_p0p5_m0p0_b0p25_r1610_r_000861,original_702,True,702,conservative_distribution_matched_one_parent,0.3537651663230366,adaptive_low
cons500_s0p4_adaptive_low_p0p5_m0p0_b0p25_r1610_r_000862,original_337,True,337,conservative_distribution_matched_one_parent,0.42475292115347807,adaptive_low
cons500_s0p4_adaptive_low_p0p5_m0p0_b0p25_r1610_r_000863,original_284,True,284,conservative_distribution_matched_one_parent,0.4303747372693957,adaptive_low
cons500_s0p4_adaptive_low_p0p5_m0p0_b0p25_r1610_r_000864,original_25,True,25,conservative_distribution_matched_one_parent,0.38431001515376795,adaptive_low
cons500_s0p4_adaptive_low_p0p5_m0p0_b0p25_r1610_r_000865,original_648,True,648,conservative_distribution_matched_one_parent,0.457714525406404,adaptive_low
cons500_s0p4_adaptive_low_p0p5_m0p0_b0p25_r1610_r_000866,original_510,True,510,conservative_distribution_matched_one_parent,0.42334674498334296,adaptive_low
cons500_s0p4_adaptive_low_p0p5_m0p0_b0p25_r1610_r_000867,original_2,True,2,conservative_distribution_matched_one_parent,0.3863348242749534,adaptive_low
cons500_s0p4_adaptive_low_p0p5_m0p0_b0p25_r1610_r_000868,original_716,True,716,conservative_distribution_matched_one_parent,0.387297125956708,adaptive_low
cons500_s0p4_adaptive_low_p0p5_m0p0_b0p25_r1610_r_000869,original_580,True,580,conservative_distribution_matched_one_parent,0.42587685194102326,adaptive_low
cons500_s0p4_adaptive_low_p0p5_m0p0_b0p25_r1610_r_000870,original_702,True,702,conservative_distribution_matched_one_parent,0.37577329800193765,adaptive_low
cons500_s0p4_adaptive_low_p0p5_m0p0_b0p25_r1610_r_000871,original_683,True,683,conservative_distribution_matched_one_parent,0.40366205141019923,adaptive_low
cons500_s0p4_adaptive_low_p0p5_m0p0_b0p25_r1610_r_000872,original_378,True,378,conservative_distribution_matched_one_parent,0.40396730017722315,adaptive_low
cons500_s0p4_adaptive_low_p0p5_m0p0_b0p25_r1610_r_000873,original_26,True,26,conservative_distribution_matched_one_parent,0.4067339404566563,adaptive_low
cons500_s0p4_adaptive_low_p0p5_m0p0_b0p25_r1610_r_000874,original_312,True,312,conservative_distribution_matched_one_parent,0.4094060163943409,adaptive_low
cons500_s0p4_adaptive_low_p0p5_m0p0_b0p25_r1610_r_000875,original_664,True,664,conservative_distribution_matched_one_parent,0.4062713516338223,adaptive_low
cons500_s0p4_adaptive_low_p0p5_m0p0_b0p25_r1610_r_000876,original_400,True,400,conservative_distribution_matched_one_parent,0.39106590043043576,adaptive_low
cons500_s0p4_adaptive_low_p0p5_m0p0_b0p25_r1610_r_000877,original_130,True,130,conservative_distribution_matched_one_parent,0.36034223632568196,adaptive_low
cons500_s0p4_adaptive_low_p0p5_m0p0_b0p25_r1610_r_000878,original_485,True,485,conservative_distribution_matched_one_parent,0.3928328249831091,adaptive_low
cons500_s0p4_adaptive_low_p0p5_m0p0_b0p25_r1610_r_000879,original_312,True,312,conservative_distribution_matched_one_parent,0.3819111057453848,adaptive_low
cons500_s0p4_adaptive_low_p0p5_m0p0_b0p25_r1610_r_000880,original_598,True,598,conservative_distribution_matched_one_parent,0.44689149088723035,adaptive_low
cons500_s0p4_adaptive_low_p0p5_m0p0_b0p25_r1610_r_000881,original_109,True,109,conservative_distribution_matched_one_parent,0.45323085999545204,adaptive_low
cons500_s0p4_adaptive_low_p0p5_m0p0_b0p25_r1610_r_000882,original_39,True,39,conservative_distribution_matched_one_parent,0.37707692677755184,adaptive_low
cons500_s0p4_adaptive_low_p0p5_m0p0_b0p25_r1610_r_000883,original_619,True,619,conservative_distribution_matched_one_parent,0.4427650214469346,adaptive_low
cons500_s0p4_adaptive_low_p0p5_m0p0_b0p25_r1610_r_000884,original_130,True,130,conservative_distribution_matched_one_parent,0.3540484149479651,adaptive_low
cons500_s0p4_adaptive_low_p0p5_m0p0_b0p25_r1610_r_000885,original_716,True,716,conservative_distribution_matched_one_parent,0.39209407809607655,adaptive_low
cons500_s0p4_adaptive_low_p0p5_m0p0_b0p25_r1610_r_000886,original_545,True,545,conservative_distribution_matched_one_parent,0.4052990724464584,adaptive_low
cons500_s0p4_adaptive_low_p0p5_m0p0_b0p25_r1610_r_000887,original_337,True,337,conservative_distribution_matched_one_parent,0.44828453078462616,adaptive_low
cons500_s0p4_adaptive_low_p0p5_m0p0_b0p25_r1610_r_000888,original_755,True,755,conservative_distribution_matched_one_parent,0.39731364800487573,adaptive_low
cons500_s0p4_adaptive_low_p0p5_m0p0_b0p25_r1610_r_000889,original_716,True,716,conservative_distribution_matched_one_parent,0.38953075492365047,adaptive_low
cons500_s0p4_adaptive_low_p0p5_m0p0_b0p25_r1610_r_000890,original_386,True,386,conservative_distribution_matched_one_parent,0.40291367832992536,adaptive_low
cons500_s0p4_adaptive_low_p0p5_m0p0_b0p25_r1610_r_000891,original_388,True,388,conservative_distribution_matched_one_parent,0.3845143001421611,adaptive_low
cons500_s0p4_adaptive_low_p0p5_m0p0_b0p25_r1610_r_000892,original_542,True,542,conservative_distribution_matched_one_parent,0.41907768584124877,adaptive_low
cons500_s0p4_adaptive_low_p0p5_m0p0_b0p25_r1610_r_000893,original_541,True,541,conservative_distribution_matched_one_parent,0.4243715644040728,adaptive_low
cons500_s0p4_adaptive_low_p0p5_m0p0_b0p25_r1610_r_000894,original_214,True,214,conservative_distribution_matched_one_parent,0.4082894471818555,adaptive_low
cons500_s0p4_adaptive_low_p0p5_m0p0_b0p25_r1610_r_000895,original_753,True,753,conservative_distribution_matched_one_parent,0.34102867215560484,adaptive_low
cons500_s0p4_adaptive_low_p0p5_m0p0_b0p25_r1610_r_000896,original_414,True,414,conservative_distribution_matched_one_parent,0.3922014220412261,adaptive_low
cons500_s0p4_adaptive_low_p0p5_m0p0_b0p25_r1610_r_000897,original_269,True,269,conservative_distribution_matched_one_parent,0.4146987651205173,adaptive_low
cons500_s0p4_adaptive_low_p0p5_m0p0_b0p25_r1610_r_000898,original_667,True,667,conservative_distribution_matched_one_parent,0.40252010772340285,adaptive_low
cons500_s0p4_adaptive_low_p0p5_m0p0_b0p25_r1610_r_000899,original_516,True,516,conservative_distribution_matched_one_parent,0.440047934971763,adaptive_low
cons500_s0p4_adaptive_low_p0p5_m0p0_b0p25_r1610_r_000900,original_375,True,375,conservative_distribution_matched_one_parent,0.4348120725317864,adaptive_low
cons500_s0p4_adaptive_low_p0p5_m0p0_b0p25_r1610_r_000901,original_689,True,689,conservative_distribution_matched_one_parent,0.4117571135244154,adaptive_low
cons500_s0p4_adaptive_low_p0p5_m0p0_b0p25_r1610_r_000902,original_2,True,2,conservative_distribution_matched_one_parent,0.44828581787871663,adaptive_low
cons500_s0p4_adaptive_low_p0p5_m0p0_b0p25_r1610_r_000903,original_606,True,606,conservative_distribution_matched_one_parent,0.3676673888807436,adaptive_low
cons500_s0p4_adaptive_low_p0p5_m0p0_b0p25_r1610_r_000904,original_132,True,132,conservative_distribution_matched_one_parent,0.4318226792409532,adaptive_low
cons500_s0p4_adaptive_low_p0p5_m0p0_b0p25_r1610_r_000905,original_701,True,701,conservative_distribution_matched_one_parent,0.3196294238194545,adaptive_low
cons500_s0p4_adaptive_low_p0p5_m0p0_b0p25_r1610_r_000906,original_540,True,540,conservative_distribution_matched_one_parent,0.39882219977584266,adaptive_low
cons500_s0p4_adaptive_low_p0p5_m0p0_b0p25_r1610_r_000907,original_23,True,23,conservative_distribution_matched_one_parent,0.35932686909077344,adaptive_low
cons500_s0p4_adaptive_low_p0p5_m0p0_b0p25_r1610_r_000908,original_214,True,214,conservative_distribution_matched_one_parent,0.39216483642872224,adaptive_low
cons500_s0p4_adaptive_low_p0p5_m0p0_b0p25_r1610_r_000909,original_269,True,269,conservative_distribution_matched_one_parent,0.39219948802375365,adaptive_low
cons500_s0p4_adaptive_low_p0p5_m0p0_b0p25_r1610_r_000910,original_429,True,429,conservative_distribution_matched_one_parent,0.34098011602395656,adaptive_low
cons500_s0p4_adaptive_low_p0p5_m0p0_b0p25_r1610_r_000911,original_588,True,588,conservative_distribution_matched_one_parent,0.3748506262384795,adaptive_low
cons500_s0p4_adaptive_low_p0p5_m0p0_b0p25_r1610_r_000912,original_706,True,706,conservative_distribution_matched_one_parent,0.4287520494491476,adaptive_low
cons500_s0p4_adaptive_low_p0p5_m0p0_b0p25_r1610_r_000913,original_23,True,23,conservative_distribution_matched_one_parent,0.41084052150036837,adaptive_low
cons500_s0p4_adaptive_low_p0p5_m0p0_b0p25_r1610_r_000914,original_675,True,675,conservative_distribution_matched_one_parent,0.4809481153191706,adaptive_low
cons500_s0p4_adaptive_low_p0p5_m0p0_b0p25_r1610_r_000915,original_16,True,16,conservative_distribution_matched_one_parent,0.43790869610480915,adaptive_low
cons500_s0p4_adaptive_low_p0p5_m0p0_b0p25_r1610_r_000916,original_592,True,592,conservative_distribution_matched_one_parent,0.3767255759152413,adaptive_low
cons500_s0p4_adaptive_low_p0p5_m0p0_b0p25_r1610_r_000917,original_598,True,598,conservative_distribution_matched_one_parent,0.42197957239199246,adaptive_low
cons500_s0p4_adaptive_low_p0p5_m0p0_b0p25_r1610_r_000918,original_132,True,132,conservative_distribution_matched_one_parent,0.3954723711124572,adaptive_low
cons500_s0p4_adaptive_low_p0p5_m0p0_b0p25_r1610_r_000919,original_11,True,11,conservative_distribution_matched_one_parent,0.46640758724335507,adaptive_low
cons500_s0p4_adaptive_low_p0p5_m0p0_b0p25_r1610_r_000920,original_120,True,120,conservative_distribution_matched_one_parent,0.3928746772889466,adaptive_low
cons500_s0p4_adaptive_low_p0p5_m0p0_b0p25_r1610_r_000921,original_48,True,48,conservative_distribution_matched_one_parent,0.41675555586493324,adaptive_low
cons500_s0p4_adaptive_low_p0p5_m0p0_b0p25_r1610_r_000922,original_99,True,99,conservative_distribution_matched_one_parent,0.39452638845133214,adaptive_low
cons500_s0p4_adaptive_low_p0p5_m0p0_b0p25_r1610_r_000923,original_648,True,648,conservative_distribution_matched_one_parent,0.4083152202370121,adaptive_low
cons500_s0p4_adaptive_low_p0p5_m0p0_b0p25_r1610_r_000924,original_498,True,498,conservative_distribution_matched_one_parent,0.36832484839322605,adaptive_low
cons500_s0p4_adaptive_low_p0p5_m0p0_b0p25_r1610_r_000925,original_716,True,716,conservative_distribution_matched_one_parent,0.35896925919031963,adaptive_low
cons500_s0p4_adaptive_low_p0p5_m0p0_b0p25_r1610_r_000926,original_363,True,363,conservative_distribution_matched_one_parent,0.39757887733869746,adaptive_low
cons500_s0p4_adaptive_low_p0p5_m0p0_b0p25_r1610_r_000927,original_378,True,378,conservative_distribution_matched_one_parent,0.3623331345960088,adaptive_low
cons500_s0p4_adaptive_low_p0p5_m0p0_b0p25_r1610_r_000928,original_510,True,510,conservative_distribution_matched_one_parent,0.36011959656397874,adaptive_low
cons500_s0p4_adaptive_low_p0p5_m0p0_b0p25_r1610_r_000929,original_23,True,23,conservative_distribution_matched_one_parent,0.3948425601705212,adaptive_low
cons500_s0p4_adaptive_low_p0p5_m0p0_b0p25_r1610_r_000930,original_293,True,293,conservative_distribution_matched_one_parent,0.3994167419690293,adaptive_low
cons500_s0p4_adaptive_low_p0p5_m0p0_b0p25_r1610_r_000931,original_356,True,356,conservative_distribution_matched_one_parent,0.387352226720107,adaptive_low
cons500_s0p4_adaptive_low_p0p5_m0p0_b0p25_r1610_r_000932,original_214,True,214,conservative_distribution_matched_one_parent,0.37644180021395013,adaptive_low
cons500_s0p4_adaptive_low_p0p5_m0p0_b0p25_r1610_r_000933,original_197,True,197,conservative_distribution_matched_one_parent,0.37014943083512436,adaptive_low
cons500_s0p4_adaptive_low_p0p5_m0p0_b0p25_r1610_r_000934,original_242,True,242,conservative_distribution_matched_one_parent,0.39268001933155755,adaptive_low
cons500_s0p4_adaptive_low_p0p5_m0p0_b0p25_r1610_r_000935,original_171,True,171,conservative_distribution_matched_one_parent,0.372201030045348,adaptive_low
cons500_s0p4_adaptive_low_p0p5_m0p0_b0p25_r1610_r_000936,original_659,True,659,conservative_distribution_matched_one_parent,0.4188393170436854,adaptive_low
cons500_s0p4_adaptive_low_p0p5_m0p0_b0p25_r1610_r_000937,original_216,True,216,conservative_distribution_matched_one_parent,0.47114612421080243,adaptive_low
cons500_s0p4_adaptive_low_p0p5_m0p0_b0p25_r1610_r_000938,original_269,True,269,conservative_distribution_matched_one_parent,0.42755600856494763,adaptive_low
cons500_s0p4_adaptive_low_p0p5_m0p0_b0p25_r1610_r_000939,original_400,True,400,conservative_distribution_matched_one_parent,0.3879949469980247,adaptive_low
cons500_s0p4_adaptive_low_p0p5_m0p0_b0p25_r1610_r_000940,original_659,True,659,conservative_distribution_matched_one_parent,0.36478532835213295,adaptive_low
cons500_s0p4_adaptive_low_p0p5_m0p0_b0p25_r1610_r_000941,original_739,True,739,conservative_distribution_matched_one_parent,0.4396662766530135,adaptive_low
cons500_s0p4_adaptive_low_p0p5_m0p0_b0p25_r1610_r_000942,original_192,True,192,conservative_distribution_matched_one_parent,0.4213756400059799,adaptive_low
cons500_s0p4_adaptive_low_p0p5_m0p0_b0p25_r1610_r_000943,original_66,True,66,conservative_distribution_matched_one_parent,0.4156158455693043,adaptive_low
cons500_s0p4_adaptive_low_p0p5_m0p0_b0p25_r1610_r_000944,original_719,True,719,conservative_distribution_matched_one_parent,0.40565366132691666,adaptive_low
cons500_s0p4_adaptive_low_p0p5_m0p0_b0p25_r1610_r_000945,original_321,True,321,conservative_distribution_matched_one_parent,0.4071875524314751,adaptive_low
cons500_s0p4_adaptive_low_p0p5_m0p0_b0p25_r1610_r_000946,original_128,True,128,conservative_distribution_matched_one_parent,0.42470033313114014,adaptive_low
cons500_s0p4_adaptive_low_p0p5_m0p0_b0p25_r1610_r_000947,original_293,True,293,conservative_distribution_matched_one_parent,0.3718713288463005,adaptive_low
cons500_s0p4_adaptive_low_p0p5_m0p0_b0p25_r1610_r_000948,original_468,True,468,conservative_distribution_matched_one_parent,0.39822272093208444,adaptive_low
cons500_s0p4_adaptive_low_p0p5_m0p0_b0p25_r1610_r_000949,original_683,True,683,conservative_distribution_matched_one_parent,0.41995405804815095,adaptive_low
cons500_s0p4_adaptive_low_p0p5_m0p0_b0p25_r1610_r_000950,original_443,True,443,conservative_distribution_matched_one_parent,0.391222540498107,adaptive_low
cons500_s0p4_adaptive_low_p0p5_m0p0_b0p25_r1610_r_000951,original_444,True,444,conservative_distribution_matched_one_parent,0.3369988493337907,adaptive_low
cons500_s0p4_adaptive_low_p0p5_m0p0_b0p25_r1610_r_000952,original_659,True,659,conservative_distribution_matched_one_parent,0.41961411041072433,adaptive_low
cons500_s0p4_adaptive_low_p0p5_m0p0_b0p25_r1610_r_000953,original_667,True,667,conservative_distribution_matched_one_parent,0.35357272056528427,adaptive_low
cons500_s0p4_adaptive_low_p0p5_m0p0_b0p25_r1610_r_000954,original_604,True,604,conservative_distribution_matched_one_parent,0.3750968729168951,adaptive_low
cons500_s0p4_adaptive_low_p0p5_m0p0_b0p25_r1610_r_000955,original_739,True,739,conservative_distribution_matched_one_parent,0.4224399211041216,adaptive_low
cons500_s0p4_adaptive_low_p0p5_m0p0_b0p25_r1610_r_000956,original_328,True,328,conservative_distribution_matched_one_parent,0.3982506696315563,adaptive_low
cons500_s0p4_adaptive_low_p0p5_m0p0_b0p25_r1610_r_000957,original_400,True,400,conservative_distribution_matched_one_parent,0.39043514517324907,adaptive_low
cons500_s0p4_adaptive_low_p0p5_m0p0_b0p25_r1610_r_000958,original_188,True,188,conservative_distribution_matched_one_parent,0.4006898404880375,adaptive_low
cons500_s0p4_adaptive_low_p0p5_m0p0_b0p25_r1610_r_000959,original_189,True,189,conservative_distribution_matched_one_parent,0.40735332264831603,adaptive_low
cons500_s0p4_adaptive_low_p0p5_m0p0_b0p25_r1610_r_000960,original_766,True,766,conservative_distribution_matched_one_parent,0.3857033994209893,adaptive_low
cons500_s0p4_adaptive_low_p0p5_m0p0_b0p25_r1610_r_000961,original_306,True,306,conservative_distribution_matched_one_parent,0.4119319324290183,adaptive_low
cons500_s0p4_adaptive_low_p0p5_m0p0_b0p25_r1610_r_000962,original_280,True,280,conservative_distribution_matched_one_parent,0.42456412672454497,adaptive_low
cons500_s0p4_adaptive_low_p0p5_m0p0_b0p25_r1610_r_000963,original_667,True,667,conservative_distribution_matched_one_parent,0.39820900935980535,adaptive_low
cons500_s0p4_adaptive_low_p0p5_m0p0_b0p25_r1610_r_000964,original_216,True,216,conservative_distribution_matched_one_parent,0.3678315585392268,adaptive_low
cons500_s0p4_adaptive_low_p0p5_m0p0_b0p25_r1610_r_000965,original_619,True,619,conservative_distribution_matched_one_parent,0.406854389887996,adaptive_low
cons500_s0p4_adaptive_low_p0p5_m0p0_b0p25_r1610_r_000966,original_414,True,414,conservative_distribution_matched_one_parent,0.3928371200344617,adaptive_low
cons500_s0p4_adaptive_low_p0p5_m0p0_b0p25_r1610_r_000967,original_171,True,171,conservative_distribution_matched_one_parent,0.376362954120718,adaptive_low
cons500_s0p4_adaptive_low_p0p5_m0p0_b0p25_r1610_r_000968,original_642,True,642,conservative_distribution_matched_one_parent,0.4056054817759771,adaptive_low
cons500_s0p4_adaptive_low_p0p5_m0p0_b0p25_r1610_r_000969,original_188,True,188,conservative_distribution_matched_one_parent,0.3459471717172672,adaptive_low
cons500_s0p4_adaptive_low_p0p5_m0p0_b0p25_r1610_r_000970,original_283,True,283,conservative_distribution_matched_one_parent,0.38795137519871975,adaptive_low
cons500_s0p4_adaptive_low_p0p5_m0p0_b0p25_r1610_r_000971,original_749,True,749,conservative_distribution_matched_one_parent,0.3686398285298224,adaptive_low
cons500_s0p4_adaptive_low_p0p5_m0p0_b0p25_r1610_r_000972,original_706,True,706,conservative_distribution_matched_one_parent,0.39549982215387514,adaptive_low
cons500_s0p4_adaptive_low_p0p5_m0p0_b0p25_r1610_r_000973,original_766,True,766,conservative_distribution_matched_one_parent,0.38989679226699303,adaptive_low
cons500_s0p4_adaptive_low_p0p5_m0p0_b0p25_r1610_r_000974,original_435,True,435,conservative_distribution_matched_one_parent,0.35034599676197453,adaptive_low
cons500_s0p4_adaptive_low_p0p5_m0p0_b0p25_r1610_r_000975,original_369,True,369,conservative_distribution_matched_one_parent,0.39936331549647475,adaptive_low
cons500_s0p4_adaptive_low_p0p5_m0p0_b0p25_r1610_r_000976,original_93,True,93,conservative_distribution_matched_one_parent,0.44088435352248256,adaptive_low
cons500_s0p4_adaptive_low_p0p5_m0p0_b0p25_r1610_r_000977,original_429,True,429,conservative_distribution_matched_one_parent,0.37181870111318305,adaptive_low
cons500_s0p4_adaptive_low_p0p5_m0p0_b0p25_r1610_r_000978,original_619,True,619,conservative_distribution_matched_one_parent,0.38371717773451,adaptive_low
cons500_s0p4_adaptive_low_p0p5_m0p0_b0p25_r1610_r_000979,original_197,True,197,conservative_distribution_matched_one_parent,0.41460079873500105,adaptive_low
cons500_s0p4_adaptive_low_p0p5_m0p0_b0p25_r1610_r_000980,original_435,True,435,conservative_distribution_matched_one_parent,0.42838229668325184,adaptive_low
cons500_s0p4_adaptive_low_p0p5_m0p0_b0p25_r1610_r_000981,original_443,True,443,conservative_distribution_matched_one_parent,0.4518711434869724,adaptive_low
cons500_s0p4_adaptive_low_p0p5_m0p0_b0p25_r1610_r_000982,original_580,True,580,conservative_distribution_matched_one_parent,0.4519984215456702,adaptive_low
cons500_s0p4_adaptive_low_p0p5_m0p0_b0p25_r1610_r_000983,original_749,True,749,conservative_distribution_matched_one_parent,0.4114704746304076,adaptive_low
cons500_s0p4_adaptive_low_p0p5_m0p0_b0p25_r1610_r_000984,original_317,True,317,conservative_distribution_matched_one_parent,0.4549519211162813,adaptive_low
cons500_s0p4_adaptive_low_p0p5_m0p0_b0p25_r1610_r_000985,original_451,True,451,conservative_distribution_matched_one_parent,0.3632263576228636,adaptive_low
cons500_s0p4_adaptive_low_p0p5_m0p0_b0p25_r1610_r_000986,original_510,True,510,conservative_distribution_matched_one_parent,0.3948078513071543,adaptive_low
cons500_s0p4_adaptive_low_p0p5_m0p0_b0p25_r1610_r_000987,original_766,True,766,conservative_distribution_matched_one_parent,0.43651271392388286,adaptive_low
cons500_s0p4_adaptive_low_p0p5_m0p0_b0p25_r1610_r_000988,original_451,True,451,conservative_distribution_matched_one_parent,0.3954565815529739,adaptive_low
cons500_s0p4_adaptive_low_p0p5_m0p0_b0p25_r1610_r_000989,original_646,True,646,conservative_distribution_matched_one_parent,0.4161941225756116,adaptive_low
cons500_s0p4_adaptive_low_p0p5_m0p0_b0p25_r1610_r_000990,original_706,True,706,conservative_distribution_matched_one_parent,0.44967729219599906,adaptive_low
cons500_s0p4_adaptive_low_p0p5_m0p0_b0p25_r1610_r_000991,original_369,True,369,conservative_distribution_matched_one_parent,0.3701818338394802,adaptive_low
cons500_s0p4_adaptive_low_p0p5_m0p0_b0p25_r1610_r_000992,original_655,True,655,conservative_distribution_matched_one_parent,0.3825921586342665,adaptive_low
cons500_s0p4_adaptive_low_p0p5_m0p0_b0p25_r1610_r_000993,original_296,True,296,conservative_distribution_matched_one_parent,0.37200241312857324,adaptive_low
cons500_s0p4_adaptive_low_p0p5_m0p0_b0p25_r1610_r_000994,original_165,True,165,conservative_distribution_matched_one_parent,0.3829812192219404,adaptive_low
cons500_s0p4_adaptive_low_p0p5_m0p0_b0p25_r1610_r_000995,original_312,True,312,conservative_distribution_matched_one_parent,0.3860725754608639,adaptive_low
cons500_s0p4_adaptive_low_p0p5_m0p0_b0p25_r1610_r_000996,original_66,True,66,conservative_distribution_matched_one_parent,0.3926129394794943,adaptive_low
cons500_s0p4_adaptive_low_p0p5_m0p0_b0p25_r1610_r_000997,original_261,True,261,conservative_distribution_matched_one_parent,0.35076942275799844,adaptive_low
cons500_s0p4_adaptive_low_p0p5_m0p0_b0p25_r1610_r_000998,original_676,True,676,conservative_distribution_matched_one_parent,0.357701432884128,adaptive_low
cons500_s0p4_adaptive_low_p0p5_m0p0_b0p25_r1610_r_000999,original_317,True,317,conservative_distribution_matched_one_parent,0.42489335844855064,adaptive_low
